seq: 17
gt_pose:   3.40319 0.0151316  0.188353
odom_pose:    3.39648 -0.0381659   0.154862
point 0 0 498.983 165.665    0.59688   0.823295  -0.604897  -0.329554   0.536459  -0.444451    0.10794 -0.0452059   0.257742  -0.270431
point 1 3 307.436 136.929 -0.199543  0.783059 -0.433371 -0.295083  0.615449  0.838053 -0.860489  0.898654 0.0519907 -0.827888
point 2 46  610.98 186.164   0.927009  -0.336308  -0.195242   0.121569   0.108896   0.244333  -0.617945 -0.0440782   -0.27979    0.30776
point 3 49 174.194 119.171  -0.689327  -0.414222   0.764408  -0.267944   0.798863   0.495275 -0.0483887  -0.454026   0.893281  -0.755348
point 4 50 246.535 201.598  0.849079 -0.631868 -0.435432 -0.665669 -0.594046   0.25225 -0.647522 -0.746662 -0.544896  0.893849
point 5 71 80.8053 146.389  0.180814  0.235164  0.527528  0.548865 -0.431421 -0.846493  0.760017 -0.654556 -0.642027 -0.280428
point 6 75 178.425 196.175 -0.649174 -0.910541  0.919433  0.550115 -0.774071   0.72253 -0.585487  0.988392 0.0722291  0.335817
point 7 79 192.617 189.625 -0.227403 -0.719324 -0.146891  -0.79322  0.200811  0.935388 -0.781533  0.738179 -0.681351  0.605207
point 8 82 150.635 139.057   0.925102 -0.0496722  -0.230982  -0.283529   0.861709   0.833702  -0.793513   0.801793   0.751209  -0.616456
point 9 87 311.723 232.487  0.713652  0.819024 -0.226661  0.912222 -0.651729 -0.624614 -0.505664 -0.279671   0.83479   0.25576
point 10 94 415.473 194.678  -0.72231    0.4106  -0.53487  0.194227  -0.98424  0.638203 -0.053909 0.0454577   0.58184  -0.74639
point 11 99 569.743 122.474 -0.507049 -0.610105 -0.744515 -0.797753  0.169996 -0.879082 -0.834846 -0.715421  0.538149  0.979083
point 12 115  224.69 66.7364  -0.713552  -0.760832   0.452289   0.493271 -0.0586519  -0.576791   0.926184  -0.470895  -0.468363   0.451542
point 13 120 155.485 117.396 -0.976509  0.160097  0.687787 -0.546377  0.630587  0.577181 -0.664703  0.282376 -0.906305  0.312197
point 14 135  10.543 198.626 0.485805 0.455553 0.461855 0.305176 0.227615 0.980329 0.593576 0.406832  0.35542 0.691053
point 15 136 19.2758 175.751 -0.417624  0.146155  0.691266 -0.994755  0.374588  -0.62927  0.107849 -0.192919 -0.774024 -0.198928
point 16 140 57.0592 143.348 -0.484123 -0.101959  0.631811  0.100988  0.821452 -0.758332  0.377152 -0.607818 -0.358456  0.887305
point 17 162 344.068 184.005 -0.594425  0.268688 0.0260472 -0.746842  0.114005 -0.975397  0.601416 -0.740525 -0.641723  0.168242
point 18 170 48.1632 233.765  0.130379 -0.347084  0.229718  0.134605  0.786518 -0.196228 -0.872535  0.736948  0.437662  0.714286
point 19 177 457.729 187.427  -0.717587  -0.140497  -0.501465   0.421614   0.126526   0.118498 -0.0175725  -0.599664   0.530116  -0.298198
point 20 185  387.01 139.979 0.0807773 -0.583649 -0.526938  0.331644 -0.266434   0.87263 -0.659558  0.891217 -0.216417 -0.144001
point 21 206 578.131 8.81024  0.707552 0.0465425  0.643557  0.921335 -0.760497 -0.668131   0.71857  -0.23866   -0.9401  0.714319
point 22 207  615.97 234.797 -0.955659 -0.738041  0.999303  0.966078 -0.277763 -0.824436 -0.270611  0.533725 -0.593608 -0.772939
point 23 212 518.869 219.546 -0.385007 -0.088598 0.0258124 -0.978766 -0.212103  0.734254  0.654536  0.351319 -0.960711  0.843623
point 24 217 528.838  112.34 -0.380078  0.307574 -0.981295  0.219472  0.211274 -0.992276  0.662646 0.0984751 0.0529006 -0.754404
point 25 221 597.988 239.793 -0.583975 -0.260415  0.180669  0.616976  0.767792   -0.6503 -0.328575 -0.529094 -0.726076  0.794848
point 26 232 130.184 238.153   -0.11467  -0.350817   0.404875  -0.315297  -0.899491 -0.0523909    0.82812   0.731313  -0.953354 -0.0413691
point 27 237 613.61 174.55 -0.0441139  -0.956403   0.659507  -0.976064   0.204442    0.86307  -0.949382   0.181205   0.342271   0.153447
point 28 244 197.596 192.217 0.0431653 -0.895202  0.513693  0.624011 -0.858383  0.717789 -0.366397  0.305536  0.155797  0.253145
point 29 276 227.032 239.481   0.531855  -0.683572  0.0752114 -0.0770754   0.254499 -0.0478764   0.292591  -0.635768  -0.449296    0.73695
point 30 289 446.808 177.028  0.878587 -0.488343  0.344356   0.95008 -0.844064  0.895788 -0.712365 -0.433216   0.99932 -0.314474
point 31 305 559.132 179.193    0.108455    0.294866   -0.212445   -0.733791   -0.428108     0.93637   -0.544096 -0.00955236   -0.995265     0.36325
point 32 325 78.6828  159.96 -0.204606 -0.293611 -0.620574  0.119343  0.210311 -0.342854  -0.26259 -0.476689 -0.585566 -0.981845
point 33 329 536.017 177.978  0.193624 -0.287057  0.528776  0.853413 -0.995455 -0.807009  0.876798 -0.248125 -0.940567  0.191326
point 34 340 238.554 138.754  0.427898 -0.388001 -0.687436 -0.101055  0.798478 -0.135643 -0.687554 -0.449847  0.534066  -0.36603
point 35 341 282.123 219.817   -0.722288     0.11791     0.30695   -0.338545    0.284443   -0.383251   -0.817473   -0.673885    0.819384 -0.00643522
point 36 348 393.714 205.775    0.85717  0.0853071   -0.75142   0.230527   0.343604  -0.290332   0.169706  -0.685386 -0.0704218  -0.999179
point 37 354 567.815  236.58  0.317241 -0.239273  0.875429 -0.703231  0.454418   0.43287  0.655315 -0.135236  0.697479  0.229562
point 38 357 113.281 234.913  0.367889 -0.232975  0.484243  0.430981  0.551726 -0.108414  0.324477  0.729628  0.439443  -0.23825
point 39 368 603.385 239.983   0.54629 0.0389086 -0.146582  0.367977  0.188586 -0.719302  0.134319 -0.609116 -0.460609 -0.806567
point 40 372 468.046 219.882 -0.202965  0.887581 -0.019486 -0.533325  0.958634  0.614818 -0.650272 -0.993072 -0.402612   0.23255
point 41 379 60.7998 167.902  0.241703 -0.547877  0.127767 0.0463963  0.597894 -0.303241 0.0489119 -0.231877  0.168065  0.256177
point 42 390 198.973  231.75  0.321336 0.0155724  0.254602  -0.56322  0.335345   0.86228  0.298069  0.159584 -0.579669   0.43009
point 43 396 89.6916 55.9891  0.246289 -0.734244  0.857687  0.711649 -0.396586 -0.335372 -0.788246 -0.406796  0.361242  0.623127
point 44 401 234.095 215.021 0.00207019   0.543219   0.280851  -0.486941  -0.577524   0.189369   0.647174   0.824618  -0.911852  -0.581235
point 45 403 515.296 204.594  0.190165  0.666708 -0.509278  -0.55267 -0.599717  0.492793  0.990549  0.681135 -0.994149 -0.586974
point 46 407  293.74 224.255  -0.708016   0.952959  -0.912045   0.661734  -0.800893 -0.0453834   0.704121  -0.939105  -0.362943  -0.465606
point 47 417 523.357 193.627 -0.802483   0.56043 0.0900091 -0.454776  0.249183  0.527064 -0.776395  0.379441 -0.700817  0.246688
point 48 418 320.811 228.738  -0.920895 -0.0143145   0.299817  -0.641617   0.896507   0.764454   0.970399  -0.759259  -0.629835    0.61629
point 49 421 570.775 203.464 -0.813176  -0.81242 -0.182426 -0.737512  0.773984 -0.574423  0.289888  0.196021  -0.32873 -0.195941
point 50 427 344.228 179.351   0.722535   0.901922   0.258614  -0.405867 -0.0975846   0.818708   0.221926  -0.723734  -0.657121   0.658118
point 51 442 493.892 232.457 -0.192771  0.606247 -0.693634 -0.378346  0.571451 -0.571722 -0.311828 -0.331648  -0.65471  0.143678
point 52 445 136.763 181.259 -0.910837 -0.275366 -0.703537 -0.837445 -0.325497  0.783999 -0.315782  0.125994 -0.480445  0.572218
point 53 447 160.156 187.176  -0.364793  0.0422708  -0.943833  -0.783837   0.251046  -0.854671 -0.0592022   0.547509  -0.692115   0.615301
point 54 451 602.1 152.4   0.506233  0.0653706   0.437192   0.125722   0.141862  -0.573596   0.741908 -0.0392234 -0.0825361  -0.329612
point 55 456 273.509 163.666  0.199062 -0.585708  0.540179 -0.504498 -0.350252  0.643875 -0.537669 -0.699898 -0.801634 -0.915805
point 56 512 287.651 148.901 -0.634193 0.0610135  0.746433  -0.34739  0.580688 -0.910602 -0.255151  0.208403 0.0479094 -0.447927
point 57 518 605.913 133.668 -0.950739 -0.958014  0.271929  0.861333   0.39595 -0.565019 -0.727786  0.599732 -0.391106  0.123207
point 58 521 32.8291 171.099 -0.820211 -0.330187    0.6289  0.169044 -0.231841 0.0135528 -0.390455 -0.668401 -0.830113 -0.681391
point 59 531 639.957 194.917 -0.333312 -0.137823 -0.527695  0.408514  0.376845  0.927217 -0.973938  -0.55278 -0.386331  0.686613
point 60 533 443.462 89.4086  -0.689763  -0.197455   0.600062  -0.265944  -0.730354   -0.73325   0.596232  -0.258049   0.675264 -0.0269231
point 61 537 582.811 188.693  -0.38319  0.617982 -0.170558 -0.435409  0.270175  0.185587 0.0491117 -0.518634  -0.54019  0.283194
point 62 549 71.1512 235.528  0.758305 -0.410291  0.886595  0.913585 -0.145246  0.286242 0.0399528  0.480044  0.392593  0.750649
point 63 564 285.059 203.145 -0.631889  -0.14868   0.24385 -0.468834 -0.120378  0.500721 -0.465912 -0.957167 -0.767775  0.978964
point 64 579 94.5776 197.973 -0.836834 -0.105862 -0.811195  0.013309  0.998884  0.521594 0.0422509  0.531147  0.221418  0.268636
point 65 582 394.257 181.079 -0.0264319  -0.806796  -0.525327   0.974384   0.165895  0.0992548  -0.452846   0.214262   0.022279   0.736593
point 66 586 90.1541 197.909  0.0187167  -0.954867   0.740344   0.218838  -0.310535    -0.1292  -0.717996  0.0859464 -0.0741768   0.739363
point 67 588 411.224 212.378 -0.248526 0.0802202 -0.411392 -0.617169  0.572425  0.607324 -0.572037   0.31277 -0.173838  0.117428
point 68 592 16.5078 188.355  0.830188  0.973962  0.663063  0.302205 -0.842053 -0.831726  0.363252  0.834075  0.640631 -0.669849
point 69 605 237.961 216.585   0.921483   0.479119  -0.389221   0.336127   0.177424  -0.393901 -0.0736098  -0.111088   0.875143   0.118245
point 70 608 411.265 211.923   0.710472   0.986346 -0.0553367   0.718451  -0.100825    0.67382   0.389862   0.793649   0.140742   0.951503
point 71 612 423.445 189.601 -0.687846  0.491746  0.186826  0.327141  0.389794  0.991906 -0.890935  0.123171  0.665086  0.546839
point 72 619 382.443 178.343  0.024256  0.927912   0.36761 -0.955498 -0.945418 -0.592501 -0.776592  0.316644   0.55347 -0.315855
point 73 624 390.734 220.908 -0.00639963    0.660534   -0.733744   -0.661257     0.72882   -0.171122   -0.631969    0.176289    0.743861    -0.60895
point 74 630 177.731 217.143 -0.0398604 -0.0157242  -0.345779  -0.342176   0.656443 -0.0332394   0.506484  -0.175418   0.596314  -0.699246
point 75 632 358.061 237.179 -0.0882902   0.201696  -0.299839  -0.722891  -0.561019   0.660301   0.261384  0.0932024  -0.681875  -0.082173
point 76 646 432.822 197.471 -0.336279  0.631708  0.785692  0.782272  0.374045 -0.721866 -0.334157  0.814903  0.278231  0.493775
point 77 668 189.962 154.783 -0.566585  0.812114 -0.780023 -0.429643 -0.499277 -0.173557   0.15871 -0.497373 -0.879109 -0.548088
point 78 681 586.672 68.2132 -0.274985  0.572889  0.186375  0.444509 -0.758508  0.172914 -0.800205  0.427282 -0.126281 -0.855589
point 79 698 480.124 220.045  0.346829 -0.458656  0.423486   0.41353  0.468733  0.543114 -0.889143  -0.39619 -0.120481  -0.96802
point 80 703 531.801 175.579  0.834406 -0.656928  -0.64531  0.909992 -0.304774  0.830475 -0.982443 0.0631647  0.763758 0.0352427
point 81 737 354.356 206.656 -0.355171  0.119763  0.030104   0.57974 -0.776874  0.113401 -0.858381 0.0912749  0.510062 -0.160752
point 82 749 287.335 213.415 -0.633416  0.235294  0.650902 -0.701771   0.53871 0.0101142  0.731754  0.141226 -0.270936  -0.17257
point 83 753 476.995 186.132  0.584269  0.492711  0.216855 -0.947888 -0.740223  0.886141  0.118079 -0.157403  0.736354  0.538963
point 84 754 440.467 183.631 0.0396359  0.446079 -0.307351 -0.980977  0.211523 -0.496387  0.825841  0.690852  0.306763 -0.330148
point 85 768 453.321 169.629 0.0649189 -0.179069  0.213072  0.375913 -0.723676  0.258259 -0.208918   0.43046  0.730665  0.656339
point 86 771 486.541 185.407  0.212909 -0.414764  0.782519  0.959326 -0.637233  0.865461  0.673005 -0.238837  -0.42424 -0.635409
point 87 778 289.454 219.988 -0.130899 -0.639431 -0.791487  0.728055 -0.534387 -0.883705 -0.385223   0.30321  -0.41933 -0.709572
point 88 789 481.203 190.071  -0.672385  0.0151979    0.61662 -0.0239043    0.12962  -0.610402  -0.735357   0.041696 0.00120044   0.342414
point 89 790 573.687 232.129  -0.744704  -0.852193 -0.0555881  -0.238578   0.445364   0.320002   0.243231  -0.196384  -0.907256  -0.736654
point 90 803 156.744 185.758 -0.759037  0.987209  0.750335 -0.560071 -0.569532  0.217455 0.0943798  0.791583  -0.27677  0.679391
point 91 809 255.231 162.659  -0.25091 -0.909769 -0.957132 -0.276385 -0.538913  -0.19373  0.834641  0.788711 -0.242036 -0.217299
point 92 817 194.264 187.803  -0.274231   0.523743   0.819922   0.592757   0.627347 -0.0786369  -0.628028   0.598301    0.61455   -0.91909
point 93 823 206.366 172.263 0.0508676 -0.749369 0.0661669  0.733403  0.568444 -0.535874 0.0444659   0.93055 -0.468979 -0.029999
point 94 831 34.4397 235.518  -0.103442   0.446212   0.705412   0.109605   0.353958  -0.875836 -0.0531377   0.578163  -0.704308 -0.0842655
point 95 839 474.159 211.762  0.0018822  -0.219462  -0.828347  -0.864169  -0.211725  0.0753521 -0.0938888    0.27916   0.733188   0.114781
point 96 846 58.3319 223.107   0.462907   0.292218   0.401816  -0.864825  -0.924028 -0.0529982  -0.704459  -0.271302  -0.372097   0.223167
point 97 866 156.824   149.1 -0.537161 -0.104235  0.767242 -0.609602  0.661625  -0.24364 -0.144066  0.391348 -0.441663  0.917017
point 98 886 9.31153 10.0134 -0.362087 -0.842118 -0.468483 0.0544382  0.335238  0.985881  0.903623  0.868435 -0.725138 -0.841041
point 99 892 374.159 75.1177   0.314044  -0.894541  -0.715906   0.712615   -0.72064   0.685969  -0.680273   0.160772   0.851594 -0.0349736
point 100 898 254.019  227.84  0.813511 -0.610904  0.266864 0.0363978 0.0707968 -0.301128  0.532009 -0.522292 -0.116626  0.448443
point 101 911 126.964 169.667 -0.982471 -0.385862 -0.778247  0.712827 -0.926006 -0.086434 -0.979104 -0.148568  0.487541 0.0928016
point 102 920 109.648 180.257   -0.9033  0.696812   -0.3423 -0.349221 -0.425908 -0.177421  0.820038 -0.845958  0.999984  -0.53974
point 103 926 185.268 219.708  -0.751589  -0.791486   0.909627  -0.881089 0.00084877  -0.543338  -0.396211  -0.730343  0.0485721   0.563291
point 104 939 178.803 149.082 -0.426205 -0.741321  0.567446  0.887447  0.205347 -0.923181 -0.730775  0.682368  0.137528  0.783253
point 105 951 179.132 208.423    0.17166  -0.836515  -0.121397   0.386527   0.220197 0.00337672  -0.998224      0.479  -0.172198  -0.665477
point 106 964 41.3711 197.336  0.934499 -0.289684  0.214832  -0.23227 -0.853812 -0.989784  0.501704 -0.972296 -0.769179  0.691912
point 107 969 501.879 239.877   0.640871  0.0417306   0.977486  -0.131368   0.487326    0.18741   0.788304 -0.0957257   0.138754  -0.102886
point 108 994  561.23 127.549  -0.345534 -0.0621218  -0.969415  -0.540039  -0.308712   0.448221  -0.232275    0.48345   -0.18034  -0.289997
point 109 996 427.947 180.994   0.24774  0.514616  0.460844  0.943842   0.65943  -0.88469  -0.11828  0.690014 -0.424729  0.573008

