seq: 20
gt_pose:  3.85213 0.253439 0.788559
odom_pose:  3.87529 0.192391 0.744261
point 0 3 469.022 64.8924 -0.199543  0.783059 -0.433371 -0.295083  0.615449  0.838053 -0.860489  0.898654 0.0519907 -0.827888
point 1 49 300.744 129.671  -0.689327  -0.414222   0.764408  -0.267944   0.798863   0.495275 -0.0483887  -0.454026   0.893281  -0.755348
point 2 50 362.415 198.653  0.849079 -0.631868 -0.435432 -0.665669 -0.594046   0.25225 -0.647522 -0.746662 -0.544896  0.893849
point 3 53 46.011 178.56  0.778687  0.293424 -0.317035 -0.899664  0.533402   0.60666  0.397426  0.363843  0.808374 -0.374121
point 4 61 206.579 160.566  0.157225  0.472924  0.487454  0.845144 -0.807192  0.575285   0.89287 -0.797039 -0.450207 -0.521358
point 5 75 304.229 200.178 -0.649174 -0.910541  0.919433  0.550115 -0.774071   0.72253 -0.585487  0.988392 0.0722291  0.335817
point 6 79 315.351 194.107 -0.227403 -0.719324 -0.146891  -0.79322  0.200811  0.935388 -0.781533  0.738179 -0.681351  0.605207
point 7 82 286.029 154.919   0.925102 -0.0496722  -0.230982  -0.283529   0.861709   0.833702  -0.793513   0.801793   0.751209  -0.616456
point 8 87 450.817 229.434  0.713652  0.819024 -0.226661  0.912222 -0.651729 -0.624614 -0.505664 -0.279671   0.83479   0.25576
point 9 89 92.7777 229.962  0.576463 -0.646687 -0.349646 -0.331968  0.275812 -0.635994 -0.512945 -0.950849 -0.723773 -0.164673
point 10 106 129.402 234.355 -0.209368  0.978966 0.0665052 -0.121585  0.435557  0.159531 -0.183166   -0.9717  0.497884 -0.109531
point 11 112 568.437 234.419 0.00295949  -0.781826  -0.752061   -0.90727  -0.432166  -0.899473  -0.958272 -0.0410898  -0.219422   0.117047
point 12 115 343.389 25.8973  -0.713552  -0.760832   0.452289   0.493271 -0.0586519  -0.576791   0.926184  -0.470895  -0.468363   0.451542
point 13 120 285.152 126.148 -0.976509  0.160097  0.687787 -0.546377  0.630587  0.577181 -0.664703  0.282376 -0.906305  0.312197
point 14 134 188.163 151.192 -0.320536  0.102604  0.432494  0.855246  0.693223 -0.335636  0.925274  0.769087  0.588494 -0.809611
point 15 140 237.083 172.215 -0.484123 -0.101959  0.631811  0.100988  0.821452 -0.758332  0.377152 -0.607818 -0.358456  0.887305
point 16 157 161.174 237.458 0.00991201   0.131362   0.639576   0.485604   -0.73967  -0.962024   0.252202   0.606869  -0.722665   0.500674
point 17 161 194.008 167.429    0.453149    0.935137 -0.00940692   -0.434331   -0.399451   -0.794634   -0.422087   -0.299585   0.0521224    0.621582
point 18 162 509.524 151.576 -0.594425  0.268688 0.0260472 -0.746842  0.114005 -0.975397  0.601416 -0.740525 -0.641723  0.168242
point 19 170 231.141 235.604  0.130379 -0.347084  0.229718  0.134605  0.786518 -0.196228 -0.872535  0.736948  0.437662  0.714286
point 20 180 98.0302 176.922 -0.149279  -0.52725  -0.69325 -0.701603  0.118669 -0.999189 -0.124666 -0.152447 -0.161619 -0.242068
point 21 190 91.5477 231.567   0.380134   0.690649 -0.0789292   0.792111   0.488414   0.516982  0.0600868  -0.869873   0.368619   -0.49211
point 22 213 491.117 166.887   0.502878  -0.197387   -0.74945 -0.0440083 -0.0777877  -0.902722  -0.417655   0.746825    0.39853   0.143279
point 23 239 76.5646 200.117 -0.433357 -0.898067 -0.796529  0.180707  0.604524  0.159357  0.224304  0.264031  0.183293 -0.571254
point 24 244 318.965 195.471 0.0431653 -0.895202  0.513693  0.624011 -0.858383  0.717789 -0.366397  0.305536  0.155797  0.253145
point 25 255 452.446 212.701  -0.972883  -0.813268  -0.941921  -0.919315 -0.0175198    0.89152   0.181266   -0.31532  -0.139197   0.380191
point 26 276 344.076 239.449   0.531855  -0.683572  0.0752114 -0.0770754   0.254499 -0.0478764   0.292591  -0.635768  -0.449296    0.73695
point 27 279  608.08 151.054 -0.465503 -0.356532  0.239241  0.217021 -0.123516  0.720435  0.371078 -0.836717   0.90324  0.409513
point 28 315 58.1953 177.058 -0.843146 -0.360448 -0.944335  0.108137 -0.365138  0.172273 -0.559957  0.791802 -0.721849  0.909408
point 29 324 82.4597 194.294 0.0841597  0.359045  -0.71088 -0.429574  0.614228 0.0257161  0.422177 0.0942372  0.284679  0.363596
point 30 325 233.393 172.455 -0.204606 -0.293611 -0.620574  0.119343  0.210311 -0.342854  -0.26259 -0.476689 -0.585566 -0.981845
point 31 340 355.085 130.439  0.427898 -0.388001 -0.687436 -0.101055  0.798478 -0.135643 -0.687554 -0.449847  0.534066  -0.36603
point 32 341 403.158 215.645   -0.722288     0.11791     0.30695   -0.338545    0.284443   -0.383251   -0.817473   -0.673885    0.819384 -0.00643522
point 33 343 181.747 221.892 -0.0194843  -0.958109  -0.362872  -0.836531  -0.210987 -0.0851599   0.281379  -0.904037   0.576295  -0.434178
point 34 390 320.046 232.294  0.321336 0.0155724  0.254602  -0.56322  0.335345   0.86228  0.298069  0.159584 -0.579669   0.43009
point 35 396 245.388 91.4173  0.246289 -0.734244  0.857687  0.711649 -0.396586 -0.335372 -0.788246 -0.406796  0.361242  0.623127
point 36 401  350.25 213.959 0.00207019   0.543219   0.280851  -0.486941  -0.577524   0.189369   0.647174   0.824618  -0.911852  -0.581235
point 37 407 418.271 220.313  -0.708016   0.952959  -0.912045   0.661734  -0.800893 -0.0453834   0.704121  -0.939105  -0.362943  -0.465606
point 38 418 467.003 223.532  -0.920895 -0.0143145   0.299817  -0.641617   0.896507   0.764454   0.970399  -0.759259  -0.629835    0.61629
point 39 427 507.005 145.709   0.722535   0.901922   0.258614  -0.405867 -0.0975846   0.818708   0.221926  -0.723734  -0.657121   0.658118
point 40 449  173.18 166.377 -0.0107875  -0.383813   0.818915  -0.508941 -0.0715201  -0.545878    0.53333 -0.0153535  -0.329715  -0.215624
point 41 456 396.328 144.617  0.199062 -0.585708  0.540179 -0.504498 -0.350252  0.643875 -0.537669 -0.699898 -0.801634 -0.915805
point 42 512 414.262 122.357 -0.634193 0.0610135  0.746433  -0.34739  0.580688 -0.910602 -0.255151  0.208403 0.0479094 -0.447927
point 43 521 231.725 195.766 -0.820211 -0.330187    0.6289  0.169044 -0.231841 0.0135528 -0.390455 -0.668401 -0.830113 -0.681391
point 44 550 509.963 206.208   0.251305 -0.0969144  -0.686248   0.530083  -0.365836  -0.516823  -0.865022   0.192085 -0.0143605  -0.770673
point 45 564 407.924 194.495 -0.631889  -0.14868   0.24385 -0.468834 -0.120378  0.500721 -0.465912 -0.957167 -0.767775  0.978964
point 46 581 150.266 239.253 -0.682051 -0.490977 -0.294158  0.970024 -0.958249 -0.130992 -0.135839 -0.769444  0.882317 -0.136955
point 47 603 96.1619 133.718   0.99532  0.590263  0.711488  0.269044 -0.808145  0.399902 -0.867165  0.794583 -0.559657  0.663432
point 48 605 353.963 215.328   0.921483   0.479119  -0.389221   0.336127   0.177424  -0.393901 -0.0736098  -0.111088   0.875143   0.118245
point 49 619 624.619 116.012  0.024256  0.927912   0.36761 -0.955498 -0.945418 -0.592501 -0.776592  0.316644   0.55347 -0.315855
point 50 621   571.1 153.371   0.824422 -0.0906923  -0.947024  -0.230851   0.234043  0.0772321   -0.30294  -0.398348   0.121735  -0.248358
point 51 624 639.901 201.501 -0.00639963    0.660534   -0.733744   -0.661257     0.72882   -0.171122   -0.631969    0.176289    0.743861    -0.60895
point 52 627  75.103 137.329 0.0685669  0.908901  -0.62709 -0.539141 -0.795539  0.340603 -0.816152 0.0334333  0.288366  0.618877
point 53 628 150.466 215.375  -0.68746  -0.15134  0.168139 -0.370447  -0.20573  0.875944   0.60202 -0.388255   0.49264  0.831591
point 54 630 304.507 219.815 -0.0398604 -0.0157242  -0.345779  -0.342176   0.656443 -0.0332394   0.506484  -0.175418   0.596314  -0.699246
point 55 632 553.419 234.981 -0.0882902   0.201696  -0.299839  -0.722891  -0.561019   0.660301   0.261384  0.0932024  -0.681875  -0.082173
point 56 668 312.867 160.833 -0.566585  0.812114 -0.780023 -0.429643 -0.499277 -0.173557   0.15871 -0.497373 -0.879109 -0.548088
point 57 717 194.789 172.253  0.973209  0.656893 -0.909723 -0.257887 -0.357633 -0.704345 -0.648674   0.72541 -0.382137  0.659432
point 58 737 535.163 184.149 -0.355171  0.119763  0.030104   0.57974 -0.776874  0.113401 -0.858381 0.0912749  0.510062 -0.160752
point 59 739 434.941 222.617   0.996431   0.160294  -0.432962 0.00158036   0.759925   0.211867  -0.878657  -0.209971  -0.208392  -0.655531
point 60 740 598.117 183.962  0.413492  0.772475 -0.960793  0.620993 -0.112076  0.291664  0.679273 -0.457586  0.701523 -0.918115
point 61 749 409.459 207.557 -0.633416  0.235294  0.650902 -0.701771   0.53871 0.0101142  0.731754  0.141226 -0.270936  -0.17257
point 62 778 417.398  213.81 -0.130899 -0.639431 -0.791487  0.728055 -0.534387 -0.883705 -0.385223   0.30321  -0.41933 -0.709572
point 63 804 196.098 172.844 -0.795487 -0.720086 -0.686969 -0.575654  0.538002  0.703765 -0.111635  0.464928  -0.56808  0.136501
point 64 809 373.001 151.232  -0.25091 -0.909769 -0.957132 -0.276385 -0.538913  -0.19373  0.834641  0.788711 -0.242036 -0.217299
point 65 817 316.114 190.886  -0.274231   0.523743   0.819922   0.592757   0.627347 -0.0786369  -0.628028   0.598301    0.61455   -0.91909
point 66 823 325.942 175.969 0.0508676 -0.749369 0.0661669  0.733403  0.568444 -0.535874 0.0444659   0.93055 -0.468979 -0.029999
point 67 846 233.475 227.606   0.462907   0.292218   0.401816  -0.864825  -0.924028 -0.0529982  -0.704459  -0.271302  -0.372097   0.223167
point 68 866 289.471 161.444 -0.537161 -0.104235  0.767242 -0.609602  0.661625  -0.24364 -0.144066  0.391348 -0.441663  0.917017
point 69 868 156.647  203.83   0.664433  -0.385111    -0.8638 -0.0188704  -0.655458  -0.400961   0.876895  -0.888216 -0.0105632   0.538519
point 70 886 195.168 62.0184 -0.362087 -0.842118 -0.468483 0.0544382  0.335238  0.985881  0.903623  0.868435 -0.725138 -0.841041
point 71 889  486.11 229.135  -0.814609   0.220625   0.827527  -0.290175  -0.974819   0.424222 -0.0445509  -0.743708   0.741724   0.122347
point 72 897  14.649 177.163  0.236569  0.858017  0.978294  0.576099  0.139594  -0.83104 -0.119346 -0.209869 -0.884639  0.261229
point 73 898 376.781 224.252  0.813511 -0.610904  0.266864 0.0363978 0.0707968 -0.301128  0.532009 -0.522292 -0.116626  0.448443
point 74 905 37.4412  21.129  -0.96694  0.123211  0.476778 -0.382044  0.674013  0.280002 -0.834053  0.652308 0.0661361   0.15474
point 75 911 272.023 183.738 -0.982471 -0.385862 -0.778247  0.712827 -0.926006 -0.086434 -0.979104 -0.148568  0.487541 0.0928016
point 76 920 259.593 191.924   -0.9033  0.696812   -0.3423 -0.349221 -0.425908 -0.177421  0.820038 -0.845958  0.999984  -0.53974
point 77 926 308.735 220.868  -0.751589  -0.791486   0.909627  -0.881089 0.00084877  -0.543338  -0.396211  -0.730343  0.0485721   0.563291
point 78 939 297.748   137.7 -0.426205 -0.741321  0.567446  0.887447  0.205347 -0.923181 -0.730775  0.682368  0.137528  0.783253
point 79 951 305.417  211.95    0.17166  -0.836515  -0.121397   0.386527   0.220197 0.00337672  -0.998224      0.479  -0.172198  -0.665477

