seq: 95
gt_pose:  6.48765  5.79177 -2.59504
odom_pose: 7.24702 5.26535 -2.5849
point 0 1  636.13 152.452  0.271423  0.434594 -0.716795  0.213938 -0.967399 -0.514226 -0.725537  0.608353 -0.686642 -0.198111
point 1 3 113.739 183.476 -0.199543  0.783059 -0.433371 -0.295083  0.615449  0.838053 -0.860489  0.898654 0.0519907 -0.827888
point 2 36 306.284 237.249 -0.198582 -0.275691  0.437734  0.603793  0.355625 -0.694248 -0.934215 -0.872879  0.371444 -0.624767
point 3 37 345.898 228.476 -0.997749 -0.988582 -0.389522 -0.476859  0.310736   0.71511 -0.637678 -0.317291  0.334681  0.758019
point 4 42 192.382 189.383  0.0300982  -0.774704   -0.02038  0.0206981  -0.903001   0.628703  -0.230683   0.275313 -0.0957552  -0.712036
point 5 44 269.782 199.539  -0.560424   0.260486   0.847025   0.475877 -0.0742955  -0.122876   0.701173   0.905324   0.897822   0.798172
point 6 49 100.733 60.0555  -0.689327  -0.414222   0.764408  -0.267944   0.798863   0.495275 -0.0483887  -0.454026   0.893281  -0.755348
point 7 53 327.983 204.654  0.778687  0.293424 -0.317035 -0.899664  0.533402   0.60666  0.397426  0.363843  0.808374 -0.374121
point 8 75 57.1436 150.893 -0.649174 -0.910541  0.919433  0.550115 -0.774071   0.72253 -0.585487  0.988392 0.0722291  0.335817
point 9 77 352.814 232.224 0.0822792 -0.988314 -0.462632 -0.616739  0.386741 -0.111805  -0.52728  0.306173  -0.56169 -0.301352
point 10 82 87.5268 16.0075   0.925102 -0.0496722  -0.230982  -0.283529   0.861709   0.833702  -0.793513   0.801793   0.751209  -0.616456
point 11 89 345.458 231.536  0.576463 -0.646687 -0.349646 -0.331968  0.275812 -0.635994 -0.512945 -0.950849 -0.723773 -0.164673
point 12 103 445.182 221.431  0.432399 0.0947199  0.480901 -0.106248 -0.250051  0.116395  0.681608 -0.865075  0.407141 -0.558643
point 13 106  400.73 231.537 -0.209368  0.978966 0.0665052 -0.121585  0.435557  0.159531 -0.183166   -0.9717  0.497884 -0.109531
point 14 115 152.416 155.718  -0.713552  -0.760832   0.452289   0.493271 -0.0586519  -0.576791   0.926184  -0.470895  -0.468363   0.451542
point 15 120 163.951  153.16 -0.976509  0.160097  0.687787 -0.546377  0.630587  0.577181 -0.664703  0.282376 -0.906305  0.312197
point 16 134  292.77 116.454 -0.320536  0.102604  0.432494  0.855246  0.693223 -0.335636  0.925274  0.769087  0.588494 -0.809611
point 17 140  220.75 121.438 -0.484123 -0.101959  0.631811  0.100988  0.821452 -0.758332  0.377152 -0.607818 -0.358456  0.887305
point 18 157 527.675  231.66 0.00991201   0.131362   0.639576   0.485604   -0.73967  -0.962024   0.252202   0.606869  -0.722665   0.500674
point 19 158 307.851 170.482  0.488299  0.432182  0.321931 -0.322143 -0.115444 -0.402603 -0.770812  0.189775  0.966994 -0.605677
point 20 161 387.071 22.1723    0.453149    0.935137 -0.00940692   -0.434331   -0.399451   -0.794634   -0.422087   -0.299585   0.0521224    0.621582
point 21 170 221.087 234.605  0.130379 -0.347084  0.229718  0.134605  0.786518 -0.196228 -0.872535  0.736948  0.437662  0.714286
point 22 173 541.842 167.533 -0.555551  0.505941 -0.775258  0.857206  0.211701  0.138847  0.568044 -0.823599  0.181035 -0.308075
point 23 192 582.065 176.694   0.489464  0.0764093   0.486326   0.273566  -0.814848   -0.13354 -0.0357851   0.106223   -0.34143  -0.547372
point 24 206 84.8324 162.904  0.707552 0.0465425  0.643557  0.921335 -0.760497 -0.668131   0.71857  -0.23866   -0.9401  0.714319
point 25 224 1.38468  196.73  0.935452 -0.559892 -0.752325  0.441175  0.377085 -0.415874   0.38997  0.463914  0.125731 -0.119687
point 26 229 461.275 202.428  0.968528 0.0750718  0.272564 -0.717869  0.975184  0.156013  0.476047 -0.371207  0.157548 0.0707208
point 27 275 495.409 165.028   0.901747 -0.0544072   0.466355  -0.782355 -0.0168586   0.134778   -0.30289   0.424487  -0.571156  -0.142559
point 28 276 39.4928 239.201   0.531855  -0.683572  0.0752114 -0.0770754   0.254499 -0.0478764   0.292591  -0.635768  -0.449296    0.73695
point 29 290 155.006 198.406 -0.672914  0.829044 -0.769119  -0.49239 -0.674706  0.514999 -0.895023 -0.781311  0.580249 -0.971832
point 30 304 333.065 166.038  0.510067 -0.563739 -0.407935 -0.382448  0.990447  -0.20944  0.699701   0.53523 -0.538621  -0.42421
point 31 315  281.13 214.966 -0.843146 -0.360448 -0.944335  0.108137 -0.365138  0.172273 -0.559957  0.791802 -0.721849  0.909408
point 32 316 126.32 189.53  -0.603834  -0.738571  -0.941274  -0.496732  -0.467398 -0.0419701  -0.382965  -0.167471  -0.291014  -0.686677
point 33 320 403.198 231.315     -0.11852     0.658588     0.986127   -0.0218225     0.586611     0.160737   -0.0157173 -0.000238776     0.189437     0.294118
point 34 325 202.915 209.248 -0.204606 -0.293611 -0.620574  0.119343  0.210311 -0.342854  -0.26259 -0.476689 -0.585566 -0.981845
point 35 337 572.374 218.156 -0.150985 -0.239448  0.305884 -0.431382 -0.410502  0.541223 -0.244189  0.381588  0.769753  0.396885
point 36 343  289.37 217.947 -0.0194843  -0.958109  -0.362872  -0.836531  -0.210987 -0.0851599   0.281379  -0.904037   0.576295  -0.434178
point 37 353 217.854 194.081   -0.53821  -0.241297   0.966817  -0.299916  -0.308494   0.319435 -0.0608006  -0.557971  -0.426072   0.118989
point 38 377 552.838 226.979  0.568992 -0.997484  0.170229 -0.528694 -0.792735  0.792076 -0.393831 -0.986474 0.0327893  0.709821
point 39 393  480.32 219.251  0.558383 0.0892488 -0.280181  0.293521  0.953542  -0.13568 -0.667779  0.138626  0.761403 0.0176166
point 40 396 198.195 134.032  0.246289 -0.734244  0.857687  0.711649 -0.396586 -0.335372 -0.788246 -0.406796  0.361242  0.623127
point 41 403 37.8425 221.148  0.190165  0.666708 -0.509278  -0.55267 -0.599717  0.492793  0.990549  0.681135 -0.994149 -0.586974
point 42 438 583.566 168.931 -0.677564  0.811091 -0.649315  0.980512 -0.279833  0.695432  0.848172  0.918068  0.369954  0.993716
point 43 450 451.426 180.848    0.437861    0.226384    0.663394   -0.570037    0.967678    0.514457 -0.00571609   -0.841966    0.862367    0.694664
point 44 456 3.14261 130.331  0.199062 -0.585708  0.540179 -0.504498 -0.350252  0.643875 -0.537669 -0.699898 -0.801634 -0.915805
point 45 458  451.22 196.006 -0.789868  0.198694 -0.779928  0.349745   0.55264  0.419134  0.764037 0.0928183  0.914636 -0.586214
point 46 464 488.885 234.167 -0.0271644  -0.938594  0.0233461  0.0937692  -0.480435   0.147365   0.414446   0.454165   -0.62307   0.198851
point 47 477 518.031 169.824  0.906963 -0.669358 0.0752866 -0.396006  0.186727 0.0878733  0.698024 -0.767612 -0.336127 -0.615916
point 48 505 494.205 189.859  -0.645631  -0.234013   0.220104   0.247822  -0.799595  -0.480147  -0.845421   0.909552  -0.478063 -0.0129028
point 49 533 87.0105 172.587  -0.689763  -0.197455   0.600062  -0.265944  -0.730354   -0.73325   0.596232  -0.258049   0.675264 -0.0269231
point 50 581 276.808 239.459 -0.682051 -0.490977 -0.294158  0.970024 -0.958249 -0.130992 -0.135839 -0.769444  0.882317 -0.136955
point 51 585 626.561 201.239 -0.946435   0.62818 -0.120741  0.771118  0.268833  0.396329 -0.560216  -0.68318  0.259331 -0.886926
point 52 588 136.015 232.152 -0.248526 0.0802202 -0.411392 -0.617169  0.572425  0.607324 -0.572037   0.31277 -0.173838  0.117428
point 53 603 326.227  160.05   0.99532  0.590263  0.711488  0.269044 -0.808145  0.399902 -0.867165  0.794583 -0.559657  0.663432
point 54 627 392.341 138.046 0.0685669  0.908901  -0.62709 -0.539141 -0.795539  0.340603 -0.816152 0.0334333  0.288366  0.618877
point 55 646 111.893 224.586 -0.336279  0.631708  0.785692  0.782272  0.374045 -0.721866 -0.334157  0.814903  0.278231  0.493775
point 56 674 534.851 233.474  0.854488 -0.774124  0.420991  0.731395 -0.417257 -0.484526  -0.71238  0.153539 -0.124107  0.247022
point 57 678 485.812 150.165 -0.797586 -0.908234 -0.373983 -0.405675 0.0238745 -0.960727 -0.913834 -0.135361  0.266446 -0.333111
point 58 681 145.891 212.689 -0.274985  0.572889  0.186375  0.444509 -0.758508  0.172914 -0.800205  0.427282 -0.126281 -0.855589
point 59 717 321.358 104.002  0.973209  0.656893 -0.909723 -0.257887 -0.357633 -0.704345 -0.648674   0.72541 -0.382137  0.659432
point 60 768 25.3358 193.063 0.0649189 -0.179069  0.213072  0.375913 -0.723676  0.258259 -0.208918   0.43046  0.730665  0.656339
point 61 771 136.576 227.448  0.212909 -0.414764  0.782519  0.959326 -0.637233  0.865461  0.673005 -0.238837  -0.42424 -0.635409
point 62 780 493.091 239.455 -0.986888 -0.215834  -0.31828   0.13573  0.968484  0.550821  0.496299 -0.823003  0.278877  0.961912
point 63 804 226.604   204.7 -0.795487 -0.720086 -0.686969 -0.575654  0.538002  0.703765 -0.111635  0.464928  -0.56808  0.136501
point 64 826 556.126 194.007   0.520775  -0.210085   0.222426   0.539881   0.942201  -0.437068 -0.0124431   -0.74071   0.769863   0.624211
point 65 837 183.317 144.008 -0.096301  -0.22972 -0.509116 -0.342164  -0.79133  0.175313 -0.456338 -0.375722 -0.831941 -0.453364
point 66 846  212.77 228.026   0.462907   0.292218   0.401816  -0.864825  -0.924028 -0.0529982  -0.704459  -0.271302  -0.372097   0.223167
point 67 866 102.752 78.3954 -0.537161 -0.104235  0.767242 -0.609602  0.661625  -0.24364 -0.144066  0.391348 -0.441663  0.917017
point 68 868 569.946 112.746   0.664433  -0.385111    -0.8638 -0.0188704  -0.655458  -0.400961   0.876895  -0.888216 -0.0105632   0.538519
point 69 877   442.8 190.806 -0.698683  0.876748  0.746952 -0.954643 -0.131184 -0.989386  0.860171 -0.614945  0.406594  0.438314
point 70 886 216.774 175.794 -0.362087 -0.842118 -0.468483 0.0544382  0.335238  0.985881  0.903623  0.868435 -0.725138 -0.841041
point 71 892 82.0183 145.068   0.314044  -0.894541  -0.715906   0.712615   -0.72064   0.685969  -0.680273   0.160772   0.851594 -0.0349736
point 72 897 562.456 153.787  0.236569  0.858017  0.978294  0.576099  0.139594  -0.83104 -0.119346 -0.209869 -0.884639  0.261229
point 73 898 122.836   232.2  0.813511 -0.610904  0.266864 0.0363978 0.0707968 -0.301128  0.532009 -0.522292 -0.116626  0.448443
point 74 905 284.095 158.752  -0.96694  0.123211  0.476778 -0.382044  0.674013  0.280002 -0.834053  0.652308 0.0661361   0.15474
point 75 910 284.406 197.989   -0.931117     0.63372    0.456095 -0.00985324    0.642471    0.472266   0.0661508    0.592692     0.77206    0.363984
point 76 911 134.155 102.542 -0.982471 -0.385862 -0.778247  0.712827 -0.926006 -0.086434 -0.979104 -0.148568  0.487541 0.0928016
point 77 920 182.353 185.732   -0.9033  0.696812   -0.3423 -0.349221 -0.425908 -0.177421  0.820038 -0.845958  0.999984  -0.53974
point 78 924 624.343 217.086  -0.452965  -0.515122   0.268808   -0.40809 -0.0404977  -0.108878  -0.980781 -0.0421047   0.805151  -0.197431
point 79 926 92.2658 210.634  -0.751589  -0.791486   0.909627  -0.881089 0.00084877  -0.543338  -0.396211  -0.730343  0.0485721   0.563291
point 80 928 215.584 205.245 -0.160221  0.886654 -0.824488 -0.898695 -0.269928 -0.576077 -0.690181 -0.360302 -0.457166  0.310668
point 81 939 175.781  205.26 -0.426205 -0.741321  0.567446  0.887447  0.205347 -0.923181 -0.730775  0.682368  0.137528  0.783253
point 82 947 521.731 153.606  -0.33514 -0.939474  0.823421 -0.569482 -0.531915  0.907633  0.627697 -0.748802 -0.860526  0.724962
point 83 966 556.987 216.139   0.704319   0.345159  0.0238279   0.561387   0.754055 -0.0416735  -0.728297 -0.0311136   0.726056  -0.582109
point 84 972 432.205 173.741  -0.703872   -0.52895   0.964815 -0.0106197  -0.990227  -0.556681   -0.75033  -0.302126  -0.698704   0.704034
point 85 984 543.584 148.866 -0.428851  -0.79993 -0.943686 -0.541451  0.495974   0.58049 0.0557716  0.479026 -0.539958 -0.647828
point 86 993 495.635 170.794  -0.204167    0.95429  -0.485235   0.731808 -0.0896459   0.364398  -0.274497   0.146474   0.378063  -0.303513

