seq: 4
gt_pose: 0.801698        0        0
odom_pose:   0.798097 0.00376101 -0.0356316
point 0 3 298.244 196.086 -0.199543  0.783059 -0.433371 -0.295083  0.615449  0.838053 -0.860489  0.898654 0.0519907 -0.827888
point 1 6 612.247 164.767 -0.668052 -0.119791   0.76015  0.658402 -0.339326 -0.542064  0.786745  -0.29928   0.37334  0.912936
point 2 14 610.895 10.1166  -0.80072 0.0616159  0.514588  -0.39141  0.984457  0.153942  0.755228  0.495619   0.25782 -0.929158
point 3 15 16.6237 162.548    0.746543    0.662075    0.958868    0.487622    0.806733    0.967191    0.333761 -0.00548297   -0.672064    0.660024
point 4 17 300.965 72.0313  -0.439916  0.0922137   0.438537  -0.773439 -0.0570331    0.18508   0.888636 -0.0981649  -0.327298   0.695369
point 5 35  550.19 211.238  0.104633  0.839182  0.371973  0.619571  0.395696 -0.376099  0.291778  -0.98799 0.0659196  0.687819
point 6 42 298.338 160.611  0.0300982  -0.774704   -0.02038  0.0206981  -0.903001   0.628703  -0.230683   0.275313 -0.0957552  -0.712036
point 7 44 126.902 129.875  -0.560424   0.260486   0.847025   0.475877 -0.0742955  -0.122876   0.701173   0.905324   0.897822   0.798172
point 8 45 458.099 233.902  -0.561728 -0.0448976   0.899641 -0.0676628   0.768636   0.934554  -0.632469  -0.083922   0.560448   0.532895
point 9 49 217.932 171.614  -0.689327  -0.414222   0.764408  -0.267944   0.798863   0.495275 -0.0483887  -0.454026   0.893281  -0.755348
point 10 54 499.709 184.972 -0.621873  0.182221 -0.893121 -0.797092  -0.68545 -0.511703 -0.727659  0.178237 -0.883895  0.779106
point 11 56 595.817 192.654   0.26717 0.0763506 -0.966699  0.863036 -0.304908 -0.588572 0.0452573 -0.198029 -0.385663  0.359807
point 12 57 427.303 152.517  0.406373 -0.334216 -0.570952  0.518417 -0.483777  0.367148 -0.967645  0.690246  0.704822  0.201525
point 13 59 470.471 212.988  -0.912169  -0.952274  -0.989848 -0.0254917  -0.414229   0.416525   0.640292  0.0148191 -0.0650582  -0.843484
point 14 61 78.9206 154.339  0.157225  0.472924  0.487454  0.845144 -0.807192  0.575285   0.89287 -0.797039 -0.450207 -0.521358
point 15 64 276.028 182.865   0.886444   0.536411  -0.755827   -0.92347  0.0298719    -0.2014  -0.576869 -0.0947003  -0.679676  -0.383506
point 16 69 627.059 207.599  -0.374021  -0.788847   0.776866  -0.795533 -0.0404457  -0.459359  -0.600552  -0.424527   0.315286   0.894002
point 17 84 476.687 162.015 -0.429702  0.105475   0.35051  0.915419  0.248119  0.275612 -0.134254 -0.982863  0.992083 -0.272545
point 18 113 67.1488  167.18 -0.0290799  -0.567086   0.587757  -0.891572   0.525357  -0.347806  -0.904516   0.643684  -0.287676 -0.0396132
point 19 115 265.818 169.445  -0.713552  -0.760832   0.452289   0.493271 -0.0586519  -0.576791   0.926184  -0.470895  -0.468363   0.451542
point 20 119 614.081 177.855  -0.39555 -0.433723  0.819057 -0.364152  0.784636  0.457805  0.913222 -0.491135 -0.781326  0.395482
point 21 120 226.126 182.488 -0.976509  0.160097  0.687787 -0.546377  0.630587  0.577181 -0.664703  0.282376 -0.906305  0.312197
point 22 132 15.4416 98.1422  0.231871 -0.929972 -0.924136  -0.07587 -0.734885  0.861307 -0.815021  0.280225  0.855412   0.68208
point 23 134 106.853 162.218 -0.320536  0.102604  0.432494  0.855246  0.693223 -0.335636  0.925274  0.769087  0.588494 -0.809611
point 24 140 158.125 187.157 -0.484123 -0.101959  0.631811  0.100988  0.821452 -0.758332  0.377152 -0.607818 -0.358456  0.887305
point 25 152 573.333 150.154  0.0574107   0.463877  -0.622497  -0.587906   0.931765   -0.52355 -0.0997668   0.629589   0.790249   0.290906
point 26 158 18.3679 99.3308  0.488299  0.432182  0.321931 -0.322143 -0.115444 -0.402603 -0.770812  0.189775  0.966994 -0.605677
point 27 161 67.7977 161.638    0.453149    0.935137 -0.00940692   -0.434331   -0.399451   -0.794634   -0.422087   -0.299585   0.0521224    0.621582
point 28 169 174.791 146.346  -0.580536    0.47454   0.725557  -0.258271 -0.0866607   0.488779   0.339743   0.469085  -0.695875  -0.527021
point 29 170 167.029 236.878  0.130379 -0.347084  0.229718  0.134605  0.786518 -0.196228 -0.872535  0.736948  0.437662  0.714286
point 30 174 438.165 197.669  0.686459   0.12783  0.879583  0.152096 0.0269817 -0.478074 0.0907115 -0.573812 -0.495895 -0.935992
point 31 179 280.452 185.254 0.00629616  -0.839189  0.0844932   0.801791   0.703573   0.366906  -0.338707  -0.797893   -0.21148   0.787819
point 32 198 485.703 234.493  0.901787  0.580917  -0.33954 -0.568724  0.985537 -0.796094  0.896412 -0.939148 -0.705186  0.321051
point 33 202 288.738 113.841 -0.551324 -0.194272  0.248272  0.341975  0.134538  0.796943  0.609249  -0.20802  0.135297 -0.158426
point 34 206 392.447 161.614  0.707552 0.0465425  0.643557  0.921335 -0.760497 -0.668131   0.71857  -0.23866   -0.9401  0.714319
point 35 252 540.259 193.303  -0.424992 -0.0293251   0.689334  -0.153581    0.97247   0.884776  -0.106675   -0.17754  -0.920958  0.0619036
point 36 259 411.585 202.043  0.193008  0.666363 0.0927851  0.475111 -0.423348 0.0427716  -0.72605  0.435016 -0.882414 -0.588014
point 37 261 579.891 199.817   0.866622    0.43434    0.98625  -0.314005  -0.191358   0.179258  -0.647641   0.901427  -0.345632 -0.0709891
point 38 273 575.575 168.087  0.668423 -0.520536 -0.558654  0.294066 -0.839669 -0.801367 -0.217189 -0.861724  0.908735  0.104774
point 39 280 297.371 227.741  -0.241978   0.143178   0.553871  -0.138676  -0.320796  -0.377717   0.822066   0.838351 -0.0976505   0.778525
point 40 286 452.658 158.275 -0.760072 -0.486215 -0.436706 -0.224026  0.050745   0.34627  0.881768 -0.887554 -0.954168  0.720592
point 41 290 352.587 182.077 -0.672914  0.829044 -0.769119  -0.49239 -0.674706  0.514999 -0.895023 -0.781311  0.580249 -0.971832
point 42 296 442.281 33.1045 -0.00636399   -0.584575    -0.36393    0.304101   -0.193619    0.603205   -0.665466    0.968772   0.0340513   -0.348282
point 43 313 359.953 76.7473   0.116608   0.331907    0.15694   0.105878   0.469364   0.693325   -0.42406  -0.605678 -0.0889612   0.407338
point 44 315 102.787 201.954 -0.843146 -0.360448 -0.944335  0.108137 -0.365138  0.172273 -0.559957  0.791802 -0.721849  0.909408
point 45 316 388.224 174.887  -0.603834  -0.738571  -0.941274  -0.496732  -0.467398 -0.0419701  -0.382965  -0.167471  -0.291014  -0.686677
point 46 319 375.951 135.816 -0.964424  0.242944  0.598827 -0.235542 -0.715353  0.159202  0.696964  -0.32369 -0.978992  0.365484
point 47 325 217.622 210.522 -0.204606 -0.293611 -0.620574  0.119343  0.210311 -0.342854  -0.26259 -0.476689 -0.585566 -0.981845
point 48 327 539.203 202.423 -0.335786 -0.976615 -0.252671  0.866443  0.314528  0.542723 -0.427168  0.693954 -0.337934  0.783143
point 49 343 107.959 224.598 -0.0194843  -0.958109  -0.362872  -0.836531  -0.210987 -0.0851599   0.281379  -0.904037   0.576295  -0.434178
point 50 353 233.687 173.195   -0.53821  -0.241297   0.966817  -0.299916  -0.308494   0.319435 -0.0608006  -0.557971  -0.426072   0.118989
point 51 396 203.901 159.555  0.246289 -0.734244  0.857687  0.711649 -0.396586 -0.335372 -0.788246 -0.406796  0.361242  0.623127
point 52 398 458.027 206.138 -0.831256  0.884638 -0.658704  0.416883  -0.97504  0.587585  0.682639  0.882647  0.299235 -0.713947
point 53 444 634.082 161.993   0.584338   -0.92837   0.463901  -0.637274 0.00922883   -0.72887   0.968973   0.315595  -0.107216   0.540424
point 54 446 579.587 150.855    0.525824   -0.750104     0.58581    0.915839   -0.992607    0.170148    0.987469    0.471293    0.532874 -0.00330192
point 55 448 326.145 199.741  0.851063 -0.435679 -0.809644  -0.65209  -0.29962   0.71618 -0.402194  -0.71381  0.632019 -0.394802
point 56 449 6.92356 146.656 -0.0107875  -0.383813   0.818915  -0.508941 -0.0715201  -0.545878    0.53333 -0.0153535  -0.329715  -0.215624
point 57 452 634.103 165.074  -0.914817    0.23517  -0.214989   0.696266   0.567056  -0.777128 -0.0773502    0.23045  -0.347165  -0.109672
point 58 463 500.353 82.9509   0.555612 -0.0635031  -0.323061   0.546593   -0.80524   0.271691   0.951359  -0.810283  -0.756589  0.0700127
point 59 468 634.731 152.992  0.493325 -0.286603 -0.492875   0.52588   0.16197  0.503695 -0.371551 -0.269725 -0.823443 -0.330788
point 60 469 413.732 85.8392 -0.0936731   -0.83534   0.944794   0.955683  -0.127341  -0.466801   -0.79611   0.778958   0.193467   -0.89758
point 61 481 612.916 223.159 -0.883443 -0.844865  0.374837 -0.562485 -0.300504 0.0849587 -0.188523 -0.837117 -0.426183  0.211366
point 62 482 572.163 213.943  0.507578  0.399546   0.24959  0.179945 -0.361838 -0.523488  0.236396 -0.244324  0.268875 -0.346252
point 63 509 485.345 211.186  0.305684 -0.907316 -0.316612  0.692226  0.810072  0.842731 -0.436599  -0.33115 -0.318227  0.931486
point 64 521 110.984 194.836 -0.820211 -0.330187    0.6289  0.169044 -0.231841 0.0135528 -0.390455 -0.668401 -0.830113 -0.681391
point 65 532 519.437 161.802 -0.849612  0.374344  0.802779   0.84319  0.718721  0.747208  0.211618 -0.477605  0.935741 -0.463259
point 66 533 352.138 181.189  -0.689763  -0.197455   0.600062  -0.265944  -0.730354   -0.73325   0.596232  -0.258049   0.675264 -0.0269231
point 67 571 464.737 161.285  0.801076  0.787821  0.290315   0.63747  0.280045 -0.695697  0.927979 -0.375611  0.535947 -0.284564
point 68 573 342.295 97.4481  0.893951 -0.240427  0.252159 -0.459052 -0.280533 0.0532347  -0.67123 -0.990219 -0.309295  0.608814
point 69 581 117.283 239.458 -0.682051 -0.490977 -0.294158  0.970024 -0.958249 -0.130992 -0.135839 -0.769444  0.882317 -0.136955
point 70 588 335.087 231.353 -0.248526 0.0802202 -0.411392 -0.617169  0.572425  0.607324 -0.572037   0.31277 -0.173838  0.117428
point 71 603 29.8367 142.267   0.99532  0.590263  0.711488  0.269044 -0.808145  0.399902 -0.867165  0.794583 -0.559657  0.663432
point 72 629 448.384 164.956 -0.427359  0.775921  0.652124 -0.909509  0.958261 -0.279309  0.999391 -0.668829  0.181551 -0.796148
point 73 646  345.13 224.917 -0.336279  0.631708  0.785692  0.782272  0.374045 -0.721866 -0.334157  0.814903  0.278231  0.493775
point 74 655 78.8925 197.238   -0.1118  0.694693  0.456766   -0.5967 -0.577949 -0.451614 -0.955974 -0.687135 -0.853858  0.842232
point 75 664 583.523 190.145 -0.460469 -0.897424  0.301542  0.897874 -0.258667 -0.357734 -0.390877  0.389051 -0.177514  0.350839
point 76 667 256.292 101.249 -0.940505 -0.600729 -0.238767 -0.580786  0.748244  -0.73098 -0.496437  0.723859  0.554307  0.406393
point 77 681  367.21 202.482 -0.274985  0.572889  0.186375  0.444509 -0.758508  0.172914 -0.800205  0.427282 -0.126281 -0.855589
point 78 697 424.055 198.179  0.171102 -0.768509 -0.490057  0.945664  0.498485 -0.759256 -0.273491 -0.145119 -0.192172 -0.816709
point 79 709 434.096 207.533  0.937153 -0.879094 -0.981195 -0.979103  0.494458  0.812171  0.773809  0.502087  0.177656 -0.485632
point 80 717  92.246 174.483  0.973209  0.656893 -0.909723 -0.257887 -0.357633 -0.704345 -0.648674   0.72541 -0.382137  0.659432
point 81 731 586.456 224.509 -0.315732  0.371601  0.340217 -0.853689 -0.642385   0.94112  0.753138  0.795748  0.562694 -0.821316
point 82 771 353.497  224.88  0.212909 -0.414764  0.782519  0.959326 -0.637233  0.865461  0.673005 -0.238837  -0.42424 -0.635409
point 83 777 396.583 118.688  -0.618019   0.647359  -0.295216   -0.46367   0.597632  -0.260034  -0.304197   0.560956 -0.0307597  0.0843846
point 84 791 632.555 175.898  0.699802 -0.618759 -0.797212 -0.591083  0.974358 -0.469598  0.424114  0.590978  0.506498 -0.446266
point 85 804 187.323 205.156 -0.795487 -0.720086 -0.686969 -0.575654  0.538002  0.703765 -0.111635  0.464928  -0.56808  0.136501
point 86 815 439.439 79.0156  0.101442 -0.220784  0.970955 -0.306813  0.708938  0.611461 -0.380323 -0.615484  0.794105  0.882025
point 87 837  253.11 140.899 -0.096301  -0.22972 -0.509116 -0.342164  -0.79133  0.175313 -0.456338 -0.375722 -0.831941 -0.453364
point 88 846  180.68 232.046   0.462907   0.292218   0.401816  -0.864825  -0.924028 -0.0529982  -0.704459  -0.271302  -0.372097   0.223167
point 89 866 204.746 186.892 -0.537161 -0.104235  0.767242 -0.609602  0.661625  -0.24364 -0.144066  0.391348 -0.441663  0.917017
point 90 867 298.56 195.08   0.998324   0.105745  0.0862737   0.594672  -0.449394 -0.0394911    -0.7548  -0.387831   0.649842 -0.0564423
point 91 882 436.434 182.811 -0.460616  0.960591 -0.609741  0.583099  0.471618  -0.21904 -0.934873 -0.799917  -0.56627  0.618537
point 92 885 473.973 138.385   0.860286  -0.660656  -0.115345 -0.0372115   0.551696   0.655959   0.709564   0.829646   0.619264 -0.0252347
point 93 886 211.021 168.006 -0.362087 -0.842118 -0.468483 0.0544382  0.335238  0.985881  0.903623  0.868435 -0.725138 -0.841041
point 94 892 326.438 168.602   0.314044  -0.894541  -0.715906   0.712615   -0.72064   0.685969  -0.680273   0.160772   0.851594 -0.0349736
point 95 898 273.327 234.503  0.813511 -0.610904  0.266864 0.0363978 0.0707968 -0.301128  0.532009 -0.522292 -0.116626  0.448443
point 96 903 616.323 175.868   0.803224   0.547991   0.978295   0.786134 -0.0112064  -0.710838   0.217488  0.0670888   -0.89949 0.00686336
point 97 905 94.5022 108.828  -0.96694  0.123211  0.476778 -0.382044  0.674013  0.280002 -0.834053  0.652308 0.0661361   0.15474
point 98 910  86.117 156.673   -0.931117     0.63372    0.456095 -0.00985324    0.642471    0.472266   0.0661508    0.592692     0.77206    0.363984
point 99 911 185.446 198.239 -0.982471 -0.385862 -0.778247  0.712827 -0.926006 -0.086434 -0.979104 -0.148568  0.487541 0.0928016
point 100 920 196.042 209.741   -0.9033  0.696812   -0.3423 -0.349221 -0.425908 -0.177421  0.820038 -0.845958  0.999984  -0.53974
point 101 926 224.657 228.583  -0.751589  -0.791486   0.909627  -0.881089 0.00084877  -0.543338  -0.396211  -0.730343  0.0485721   0.563291
point 102 928 240.614 188.402 -0.160221  0.886654 -0.824488 -0.898695 -0.269928 -0.576077 -0.690181 -0.360302 -0.457166  0.310668
point 103 935 507.733 228.933  -0.719019  -0.916792   0.246538   0.963125  -0.633256   0.512292   0.306858   0.825865  -0.760669 -0.0481229
point 104 939  254.32 206.697 -0.426205 -0.741321  0.567446  0.887447  0.205347 -0.923181 -0.730775  0.682368  0.137528  0.783253
point 105 949 630.043 235.521  -0.875226  -0.384751  -0.741197   0.824425  -0.667253 -0.0763373   0.884951  -0.843831   0.354181  -0.646964
point 106 963  296.26 179.473 -0.0250311   -0.80992  -0.385503   0.413624  -0.890219    0.26532   0.938122  -0.916241  -0.188038   0.485644
point 107 971 347.542 183.783    0.683682 -0.00590533    0.276129   -0.692478    0.992478  -0.0830001    0.349253    0.969964    0.785632   -0.163421
point 108 989 155.863 235.455  -0.684991   0.304373   0.477344  -0.594265 -0.0762612  -0.562557  -0.151368   0.511633   0.531866   -0.49773

