seq: 90
gt_pose:   7.3431  6.31224 -2.59504
odom_pose:  8.10355  5.81359 -2.57364
point 0 0 51.6356 196.064    0.59688   0.823295  -0.604897  -0.329554   0.536459  -0.444451    0.10794 -0.0452059   0.257742  -0.270431
point 1 1 564.579 172.267  0.271423  0.434594 -0.716795  0.213938 -0.967399 -0.514226 -0.725537  0.608353 -0.686642 -0.198111
point 2 3 160.259 196.225 -0.199543  0.783059 -0.433371 -0.295083  0.615449  0.838053 -0.860489  0.898654 0.0519907 -0.827888
point 3 15 487.583 55.0568    0.746543    0.662075    0.958868    0.487622    0.806733    0.967191    0.333761 -0.00548297   -0.672064    0.660024
point 4 49 177.375 122.954  -0.689327  -0.414222   0.764408  -0.267944   0.798863   0.495275 -0.0483887  -0.454026   0.893281  -0.755348
point 5 53  326.21 212.497  0.778687  0.293424 -0.317035 -0.899664  0.533402   0.60666  0.397426  0.363843  0.808374 -0.374121
point 6 61 362.626 68.7963  0.157225  0.472924  0.487454  0.845144 -0.807192  0.575285   0.89287 -0.797039 -0.450207 -0.521358
point 7 75 161.729 186.348 -0.649174 -0.910541  0.919433  0.550115 -0.774071   0.72253 -0.585487  0.988392 0.0722291  0.335817
point 8 77 345.821 233.881 0.0822792 -0.988314 -0.462632 -0.616739  0.386741 -0.111805  -0.52728  0.306173  -0.56169 -0.301352
point 9 79 47.9111 93.4344 -0.227403 -0.719324 -0.146891  -0.79322  0.200811  0.935388 -0.781533  0.738179 -0.681351  0.605207
point 10 82 185.361 110.275   0.925102 -0.0496722  -0.230982  -0.283529   0.861709   0.833702  -0.793513   0.801793   0.751209  -0.616456
point 11 87 18.5841 229.718  0.713652  0.819024 -0.226661  0.912222 -0.651729 -0.624614 -0.505664 -0.279671   0.83479   0.25576
point 12 89 339.131 233.639  0.576463 -0.646687 -0.349646 -0.331968  0.275812 -0.635994 -0.512945 -0.950849 -0.723773 -0.164673
point 13 99 15.2994 168.762 -0.507049 -0.610105 -0.744515 -0.797753  0.169996 -0.879082 -0.834846 -0.715421  0.538149  0.979083
point 14 106  376.11 234.118 -0.209368  0.978966 0.0665052 -0.121585  0.435557  0.159531 -0.183166   -0.9717  0.497884 -0.109531
point 15 115 190.574 174.909  -0.713552  -0.760832   0.452289   0.493271 -0.0586519  -0.576791   0.926184  -0.470895  -0.468363   0.451542
point 16 120 205.301 176.172 -0.976509  0.160097  0.687787 -0.546377  0.630587  0.577181 -0.664703  0.282376 -0.906305  0.312197
point 17 130 522.952 60.0796  0.785443  0.260849   0.01511  0.994105  0.497101 -0.288984   0.96396 -0.910018 -0.472767 -0.530971
point 18 134 301.159 154.523 -0.320536  0.102604  0.432494  0.855246  0.693223 -0.335636  0.925274  0.769087  0.588494 -0.809611
point 19 140 255.114 162.491 -0.484123 -0.101959  0.631811  0.100988  0.821452 -0.758332  0.377152 -0.607818 -0.358456  0.887305
point 20 157 439.474 235.202 0.00991201   0.131362   0.639576   0.485604   -0.73967  -0.962024   0.252202   0.606869  -0.722665   0.500674
point 21 161 358.967 113.438    0.453149    0.935137 -0.00940692   -0.434331   -0.399451   -0.794634   -0.422087   -0.299585   0.0521224    0.621582
point 22 170 250.957 236.234  0.130379 -0.347084  0.229718  0.134605  0.786518 -0.196228 -0.872535  0.736948  0.437662  0.714286
point 23 180 550.777 127.939 -0.149279  -0.52725  -0.69325 -0.701603  0.118669 -0.999189 -0.124666 -0.152447 -0.161619 -0.242068
point 24 185 35.6336 148.966 0.0807773 -0.583649 -0.526938  0.331644 -0.266434   0.87263 -0.659558  0.891217 -0.216417 -0.144001
point 25 190 559.696 225.184   0.380134   0.690649 -0.0789292   0.792111   0.488414   0.516982  0.0600868  -0.869873   0.368619   -0.49211
point 26 205 579.976 193.885  -0.82374 -0.236689 -0.188512 -0.769172  0.497672  0.153202  0.190203 -0.671276  0.381834  0.115238
point 27 217 54.2796 171.042 -0.380078  0.307574 -0.981295  0.219472  0.211274 -0.992276  0.662646 0.0984751 0.0529006 -0.754404
point 28 239  573.65 172.797 -0.433357 -0.898067 -0.796529  0.180707  0.604524  0.159357  0.224304  0.264031  0.183293 -0.571254
point 29 244 84.2555  136.42 0.0431653 -0.895202  0.513693  0.624011 -0.858383  0.717789 -0.366397  0.305536  0.155797  0.253145
point 30 276 135.335 239.474   0.531855  -0.683572  0.0752114 -0.0770754   0.254499 -0.0478764   0.292591  -0.635768  -0.449296    0.73695
point 31 310 511.254 66.9307  0.589489  0.178854 -0.651341 -0.814686  0.653497 -0.212735 -0.855611 -0.342811  0.796955 -0.619376
point 32 315 289.241 220.191 -0.843146 -0.360448 -0.944335  0.108137 -0.365138  0.172273 -0.559957  0.791802 -0.721849  0.909408
point 33 320  385.54 233.158     -0.11852     0.658588     0.986127   -0.0218225     0.586611     0.160737   -0.0157173 -0.000238776     0.189437     0.294118
point 34 324 550.265 165.732 0.0841597  0.359045  -0.71088 -0.429574  0.614228 0.0257161  0.422177 0.0942372  0.284679  0.363596
point 35 325 229.501 216.231 -0.204606 -0.293611 -0.620574  0.119343  0.210311 -0.342854  -0.26259 -0.476689 -0.585566 -0.981845
point 36 333 603.583 196.376  -0.795388   0.472763   0.148521   0.176801  -0.758839     0.7756   0.944412 -0.0344303 -0.0817431  -0.138737
point 37 340 102.419 111.299  0.427898 -0.388001 -0.687436 -0.101055  0.798478 -0.135643 -0.687554 -0.449847  0.534066  -0.36603
point 38 343 298.337 224.404 -0.0194843  -0.958109  -0.362872  -0.836531  -0.210987 -0.0851599   0.281379  -0.904037   0.576295  -0.434178
point 39 357 218.704 215.298  0.367889 -0.232975  0.484243  0.430981  0.551726 -0.108414  0.324477  0.729628  0.439443  -0.23825
point 40 390 75.7877  221.32  0.321336 0.0155724  0.254602  -0.56322  0.335345   0.86228  0.298069  0.159584 -0.579669   0.43009
point 41 393 446.514 223.626  0.558383 0.0892488 -0.280181  0.293521  0.953542  -0.13568 -0.667779  0.138626  0.761403 0.0176166
point 42 396 229.292 161.087  0.246289 -0.734244  0.857687  0.711649 -0.396586 -0.335372 -0.788246 -0.406796  0.361242  0.623127
point 43 401 48.8821 192.353 0.00207019   0.543219   0.280851  -0.486941  -0.577524   0.189369   0.647174   0.824618  -0.911852  -0.581235
point 44 418 9.70679 224.616  -0.920895 -0.0143145   0.299817  -0.641617   0.896507   0.764454   0.970399  -0.759259  -0.629835    0.61629
point 45 435 595.433 220.365 -0.774835  0.314731 -0.046711 -0.359641  0.538494  0.994349 0.0419562 -0.863106   0.19074 -0.984009
point 46 438 519.139 186.303 -0.677564  0.811091 -0.649315  0.980512 -0.279833  0.695432  0.848172  0.918068  0.369954  0.993716
point 47 440 636.485 63.6771 -0.878088 -0.933482 0.0969003  0.917011 -0.544494  0.419336  0.728103  -0.19381  0.399848  -0.55173
point 48 442   32.51 234.975 -0.192771  0.606247 -0.693634 -0.378346  0.571451 -0.571722 -0.311828 -0.331648  -0.65471  0.143678
point 49 449 428.244 91.2938 -0.0107875  -0.383813   0.818915  -0.508941 -0.0715201  -0.545878    0.53333 -0.0153535  -0.329715  -0.215624
point 50 456 104.764 165.504  0.199062 -0.585708  0.540179 -0.504498 -0.350252  0.643875 -0.537669 -0.699898 -0.801634 -0.915805
point 51 458 421.855 205.851 -0.789868  0.198694 -0.779928  0.349745   0.55264  0.419134  0.764037 0.0928183  0.914636 -0.586214
point 52 464 453.771  235.38 -0.0271644  -0.938594  0.0233461  0.0937692  -0.480435   0.147365   0.414446   0.454165   -0.62307   0.198851
point 53 487 561.728 44.1839 -0.831057  0.991676 -0.717482 -0.914122 0.0256946  0.635679  -0.34344 -0.901112  0.335089   -0.1979
point 54 505 456.393 200.742  -0.645631  -0.234013   0.220104   0.247822  -0.799595  -0.480147  -0.845421   0.909552  -0.478063 -0.0129028
point 55 512  64.644 130.307 -0.634193 0.0610135  0.746433  -0.34739  0.580688 -0.910602 -0.255151  0.208403 0.0479094 -0.447927
point 56 521 333.911 110.036 -0.820211 -0.330187    0.6289  0.169044 -0.231841 0.0135528 -0.390455 -0.668401 -0.830113 -0.681391
point 57 542 636.036 184.126  -0.699816   0.202288  0.0652163  -0.421103 -0.0936326  0.0222374  -0.859195  -0.386759   0.515837  -0.179949
point 58 569 637.453 158.867 0.0139885 -0.709491  0.344344  0.231644 -0.212543  0.428689  0.428264 -0.548952  0.947083 -0.390259
point 59 581 287.417 239.592 -0.682051 -0.490977 -0.294158  0.970024 -0.958249 -0.130992 -0.135839 -0.769444  0.882317 -0.136955
point 60 585 557.621 209.955 -0.946435   0.62818 -0.120741  0.771118  0.268833  0.396329 -0.560216  -0.68318  0.259331 -0.886926
point 61 603 324.721 179.361   0.99532  0.590263  0.711488  0.269044 -0.808145  0.399902 -0.867165  0.794583 -0.559657  0.663432
point 62 605 37.797 193.94   0.921483   0.479119  -0.389221   0.336127   0.177424  -0.393901 -0.0736098  -0.111088   0.875143   0.118245
point 63 627 373.711   164.3 0.0685669  0.908901  -0.62709 -0.539141 -0.795539  0.340603 -0.816152 0.0334333  0.288366  0.618877
point 64 628 504.268  185.51  -0.68746  -0.15134  0.168139 -0.370447  -0.20573  0.875944   0.60202 -0.388255   0.49264  0.831591
point 65 630 115.862 190.215 -0.0398604 -0.0157242  -0.345779  -0.342176   0.656443 -0.0332394   0.506484  -0.175418   0.596314  -0.699246
point 66 632 9.80486 236.732 -0.0882902   0.201696  -0.299839  -0.722891  -0.561019   0.660301   0.261384  0.0932024  -0.681875  -0.082173
point 67 668 138.658  117.21 -0.566585  0.812114 -0.780023 -0.429643 -0.499277 -0.173557   0.15871 -0.497373 -0.879109 -0.548088
point 68 678 446.287 171.579 -0.797586 -0.908234 -0.373983 -0.405675 0.0238745 -0.960727 -0.913834 -0.135361  0.266446 -0.333111
point 69 704 540.859 129.305 -0.381805  0.123618  0.381841  -0.17697 -0.510319   0.82752  0.555061 -0.942775 -0.503485  0.669169
point 70 717 320.872 152.415  0.973209  0.656893 -0.909723 -0.257887 -0.357633 -0.704345 -0.648674   0.72541 -0.382137  0.659432
point 71 768 89.2203 203.239 0.0649189 -0.179069  0.213072  0.375913 -0.723676  0.258259 -0.208918   0.43046  0.730665  0.656339
point 72 778 73.5445 217.498 -0.130899 -0.639431 -0.791487  0.728055 -0.534387 -0.883705 -0.385223   0.30321  -0.41933 -0.709572
point 73 803 91.4642  26.009 -0.759037  0.987209  0.750335 -0.560071 -0.569532  0.217455 0.0943798  0.791583  -0.27677  0.679391
point 74 804 248.211 212.867 -0.795487 -0.720086 -0.686969 -0.575654  0.538002  0.703765 -0.111635  0.464928  -0.56808  0.136501
point 75 809 92.9375  146.28  -0.25091 -0.909769 -0.957132 -0.276385 -0.538913  -0.19373  0.834641  0.788711 -0.242036 -0.217299
point 76 817 135.304 165.874  -0.274231   0.523743   0.819922   0.592757   0.627347 -0.0786369  -0.628028   0.598301    0.61455   -0.91909
point 77 822 579.801  220.24    0.74008  -0.224017   0.870749  -0.312672   0.283843  -0.832931   0.715486 0.00146544  -0.302383    0.20907
point 78 823  9.8247 34.9424 0.0508676 -0.749369 0.0661669  0.733403  0.568444 -0.535874 0.0444659   0.93055 -0.468979 -0.029999
point 79 830  602.24 180.402   0.847817  -0.354454  -0.921268   0.709636   0.820626   0.175159  -0.892965    0.98546    -0.9085 -0.0294335
point 80 837 212.296 164.361 -0.096301  -0.22972 -0.509116 -0.342164  -0.79133  0.175313 -0.456338 -0.375722 -0.831941 -0.453364
point 81 846 242.645 231.362   0.462907   0.292218   0.401816  -0.864825  -0.924028 -0.0529982  -0.704459  -0.271302  -0.372097   0.223167
point 82 866 185.565 139.999 -0.537161 -0.104235  0.767242 -0.609602  0.661625  -0.24364 -0.144066  0.391348 -0.441663  0.917017
point 83 868 461.063  168.18   0.664433  -0.385111    -0.8638 -0.0188704  -0.655458  -0.400961   0.876895  -0.888216 -0.0105632   0.538519
point 84 886 238.898 189.556 -0.362087 -0.842118 -0.468483 0.0544382  0.335238  0.985881  0.903623  0.868435 -0.725138 -0.841041
point 85 892 134.363 165.949   0.314044  -0.894541  -0.715906   0.712615   -0.72064   0.685969  -0.680273   0.160772   0.851594 -0.0349736
point 86 897 496.312 177.306  0.236569  0.858017  0.978294  0.576099  0.139594  -0.83104 -0.119346 -0.209869 -0.884639  0.261229
point 87 898 170.747 234.096  0.813511 -0.610904  0.266864 0.0363978 0.0707968 -0.301128  0.532009 -0.522292 -0.116626  0.448443
point 88 905  291.46 175.421  -0.96694  0.123211  0.476778 -0.382044  0.674013  0.280002 -0.834053  0.652308 0.0661361   0.15474
point 89 911 209.372 158.177 -0.982471 -0.385862 -0.778247  0.712827 -0.926006 -0.086434 -0.979104 -0.148568  0.487541 0.0928016
point 90 920 223.333 201.889   -0.9033  0.696812   -0.3423 -0.349221 -0.425908 -0.177421  0.820038 -0.845958  0.999984  -0.53974
point 91 924 552.873 222.467  -0.452965  -0.515122   0.268808   -0.40809 -0.0404977  -0.108878  -0.980781 -0.0421047   0.805151  -0.197431
point 92 926 170.334 220.701  -0.751589  -0.791486   0.909627  -0.881089 0.00084877  -0.543338  -0.396211  -0.730343  0.0485721   0.563291
point 93 939 207.241 212.838 -0.426205 -0.741321  0.567446  0.887447  0.205347 -0.923181 -0.730775  0.682368  0.137528  0.783253
point 94 947 471.118 175.281  -0.33514 -0.939474  0.823421 -0.569482 -0.531915  0.907633  0.627697 -0.748802 -0.860526  0.724962
point 95 951 120.168 175.396    0.17166  -0.836515  -0.121397   0.386527   0.220197 0.00337672  -0.998224      0.479  -0.172198  -0.665477
point 96 984 491.914 169.927 -0.428851  -0.79993 -0.943686 -0.541451  0.495974   0.58049 0.0557716  0.479026 -0.539958 -0.647828
point 97 990 602.062 183.815  0.626775  0.684412  0.858377  0.728922 -0.125648  0.253674  0.554018 -0.745404  0.741505 -0.747587
point 98 994 37.7912 178.101  -0.345534 -0.0621218  -0.969415  -0.540039  -0.308712   0.448221  -0.232275    0.48345   -0.18034  -0.289997

