seq: 98
gt_pose:  5.97355  5.47896 -2.59504
odom_pose:  6.72516   4.9365 -2.54834
point 0 3 69.9806 171.484 -0.199543  0.783059 -0.433371 -0.295083  0.615449  0.838053 -0.860489  0.898654 0.0519907 -0.827888
point 1 7 327.445 183.874   -0.12088    0.84794  -0.203127   0.629534   0.368437   0.821944 -0.0350187   -0.56835   0.900505   0.840256
point 2 21 332.233 205.646  0.551535 -0.423241 -0.340716 -0.620498  0.968726 -0.992843  0.654782 -0.337042 -0.623598 -0.127006
point 3 36 304.341 236.859 -0.198582 -0.275691  0.437734  0.603793  0.355625 -0.694248 -0.934215 -0.872879  0.371444 -0.624767
point 4 37 350.186 226.569 -0.997749 -0.988582 -0.389522 -0.476859  0.310736   0.71511 -0.637678 -0.317291  0.334681  0.758019
point 5 39 401.343 170.136  -0.533762   0.853152   0.102886    0.86684 -0.0111862   0.105137   0.878258   0.599291   0.628277   0.188995
point 6 42 173.786 182.006  0.0300982  -0.774704   -0.02038  0.0206981  -0.903001   0.628703  -0.230683   0.275313 -0.0957552  -0.712036
point 7 44 262.812 193.921  -0.560424   0.260486   0.847025   0.475877 -0.0742955  -0.122876   0.701173   0.905324   0.897822   0.798172
point 8 45 56.6873 234.621  -0.561728 -0.0448976   0.899641 -0.0676628   0.768636   0.934554  -0.632469  -0.083922   0.560448   0.532895
point 9 53 329.637 197.344  0.778687  0.293424 -0.317035 -0.899664  0.533402   0.60666  0.397426  0.363843  0.808374 -0.374121
point 10 64 208.559 210.464   0.886444   0.536411  -0.755827   -0.92347  0.0298719    -0.2014  -0.576869 -0.0947003  -0.679676  -0.383506
point 11 76 480.726  182.58   0.423812  -0.189465  -0.613015   0.675972  -0.690579   0.347296  -0.352297  -0.305607  0.0650283 -0.0855207
point 12 77 359.195 230.713 0.0822792 -0.988314 -0.462632 -0.616739  0.386741 -0.111805  -0.52728  0.306173  -0.56169 -0.301352
point 13 89 351.773 229.437  0.576463 -0.646687 -0.349646 -0.331968  0.275812 -0.635994 -0.512945 -0.950849 -0.723773 -0.164673
point 14 103 465.942 218.352  0.432399 0.0947199  0.480901 -0.106248 -0.250051  0.116395  0.681608 -0.865075  0.407141 -0.558643
point 15 106 429.643 228.506 -0.209368  0.978966 0.0665052 -0.121585  0.435557  0.159531 -0.183166   -0.9717  0.497884 -0.109531
point 16 113 276.8 216.5 -0.0290799  -0.567086   0.587757  -0.891572   0.525357  -0.347806  -0.904516   0.643684  -0.287676 -0.0396132
point 17 115  116.33 137.568  -0.713552  -0.760832   0.452289   0.493271 -0.0586519  -0.576791   0.926184  -0.470895  -0.468363   0.451542
point 18 120 120.792 129.141 -0.976509  0.160097  0.687787 -0.546377  0.630587  0.577181 -0.664703  0.282376 -0.906305  0.312197
point 19 134 282.823 71.2995 -0.320536  0.102604  0.432494  0.855246  0.693223 -0.335636  0.925274  0.769087  0.588494 -0.809611
point 20 140 174.412 66.0763 -0.484123 -0.101959  0.631811  0.100988  0.821452 -0.758332  0.377152 -0.607818 -0.358456  0.887305
point 21 148 283.937 170.422  -0.109843   -0.26309  -0.199704   0.541194 -0.0732437  -0.203421   -0.98106   0.243388   0.928497  -0.641563
point 22 158 305.731 158.338  0.488299  0.432182  0.321931 -0.322143 -0.115444 -0.402603 -0.770812  0.189775  0.966994 -0.605677
point 23 169 252.491 209.486  -0.580536    0.47454   0.725557  -0.258271 -0.0866607   0.488779   0.339743   0.469085  -0.695875  -0.527021
point 24 170 186.336  232.71  0.130379 -0.347084  0.229718  0.134605  0.786518 -0.196228 -0.872535  0.736948  0.437662  0.714286
point 25 173 579.152 155.346 -0.555551  0.505941 -0.775258  0.857206  0.211701  0.138847  0.568044 -0.823599  0.181035 -0.308075
point 26 174 39.1829 197.003  0.686459   0.12783  0.879583  0.152096 0.0269817 -0.478074 0.0907115 -0.573812 -0.495895 -0.935992
point 27 179 219.348  217.71 0.00629616  -0.839189  0.0844932   0.801791   0.703573   0.366906  -0.338707  -0.797893   -0.21148   0.787819
point 28 192 620.774 167.343   0.489464  0.0764093   0.486326   0.273566  -0.814848   -0.13354 -0.0357851   0.106223   -0.34143  -0.547372
point 29 202 208.005  179.06 -0.551324 -0.194272  0.248272  0.341975  0.134538  0.796943  0.609249  -0.20802  0.135297 -0.158426
point 30 206 49.3204 151.262  0.707552 0.0465425  0.643557  0.921335 -0.760497 -0.668131   0.71857  -0.23866   -0.9401  0.714319
point 31 229 482.285 196.841  0.968528 0.0750718  0.272564 -0.717869  0.975184  0.156013  0.476047 -0.371207  0.157548 0.0707208
point 32 259 114.365 211.933  0.193008  0.666363 0.0927851  0.475111 -0.423348 0.0427716  -0.72605  0.435016 -0.882414 -0.588014
point 33 275 524.372 152.649   0.901747 -0.0544072   0.466355  -0.782355 -0.0168586   0.134778   -0.30289   0.424487  -0.571156  -0.142559
point 34 280 196.836 233.265  -0.241978   0.143178   0.553871  -0.138676  -0.320796  -0.377717   0.822066   0.838351 -0.0976505   0.778525
point 35 290 131.633 192.513 -0.672914  0.829044 -0.769119  -0.49239 -0.674706  0.514999 -0.895023 -0.781311  0.580249 -0.971832
point 36 304 335.164  154.17  0.510067 -0.563739 -0.407935 -0.382448  0.990447  -0.20944  0.699701   0.53523 -0.538621  -0.42421
point 37 315 273.809  210.25 -0.843146 -0.360448 -0.944335  0.108137 -0.365138  0.172273 -0.559957  0.791802 -0.721849  0.909408
point 38 316 99.6185 182.572  -0.603834  -0.738571  -0.941274  -0.496732  -0.467398 -0.0419701  -0.382965  -0.167471  -0.291014  -0.686677
point 39 320 419.272 229.638     -0.11852     0.658588     0.986127   -0.0218225     0.586611     0.160737   -0.0157173 -0.000238776     0.189437     0.294118
point 40 325 177.812 202.654 -0.204606 -0.293611 -0.620574  0.119343  0.210311 -0.342854  -0.26259 -0.476689 -0.585566 -0.981845
point 41 337 608.734  215.01 -0.150985 -0.239448  0.305884 -0.431382 -0.410502  0.541223 -0.244189  0.381588  0.769753  0.396885
point 42 343 279.228 210.642 -0.0194843  -0.958109  -0.362872  -0.836531  -0.210987 -0.0851599   0.281379  -0.904037   0.576295  -0.434178
point 43 353 201.068 186.534   -0.53821  -0.241297   0.966817  -0.299916  -0.308494   0.319435 -0.0608006  -0.557971  -0.426072   0.118989
point 44 373 8.11226 237.554  -0.435928   0.828931 -0.0142737  -0.339049    0.42988   0.542055 -0.0487353   0.727505  -0.320059  -0.841002
point 45 377  593.71 224.693  0.568992 -0.997484  0.170229 -0.528694 -0.792735  0.792076 -0.393831 -0.986474 0.0327893  0.709821
point 46 393 510.994 215.282  0.558383 0.0892488 -0.280181  0.293521  0.953542  -0.13568 -0.667779  0.138626  0.761403 0.0176166
point 47 396 166.587  106.53  0.246289 -0.734244  0.857687  0.711649 -0.396586 -0.335372 -0.788246 -0.406796  0.361242  0.623127
point 48 402 468.209 222.819    0.299441   -0.266976 -0.00990885    0.981139    0.469097   0.0484805   -0.101318    0.457996    0.989811   -0.327363
point 49 448 197.825 221.222  0.851063 -0.435679 -0.809644  -0.65209  -0.29962   0.71618 -0.402194  -0.71381  0.632019 -0.394802
point 50 450 474.257 170.574    0.437861    0.226384    0.663394   -0.570037    0.967678    0.514457 -0.00571609   -0.841966    0.862367    0.694664
point 51 454 319.554 180.414 -0.896303  0.966829  0.650354 -0.445509  0.621863  0.735537  0.789661 -0.593126  0.431804  0.356717
point 52 458 478.722 186.786 -0.789868  0.198694 -0.779928  0.349745   0.55264  0.419134  0.764037 0.0928183  0.914636 -0.586214
point 53 464 520.519 233.075 -0.0271644  -0.938594  0.0233461  0.0937692  -0.480435   0.147365   0.414446   0.454165   -0.62307   0.198851
point 54 477 545.147 160.216  0.906963 -0.669358 0.0752866 -0.396006  0.186727 0.0878733  0.698024 -0.767612 -0.336127 -0.615916
point 55 505 529.032 179.835  -0.645631  -0.234013   0.220104   0.247822  -0.799595  -0.480147  -0.845421   0.909552  -0.478063 -0.0129028
point 56 520 459.063 185.227 -0.292163 -0.870239  0.363799  0.371776  0.863985   0.41306  0.413762  0.135915  0.274392 -0.190288
point 57 533 45.7881 160.659  -0.689763  -0.197455   0.600062  -0.265944  -0.730354   -0.73325   0.596232  -0.258049   0.675264 -0.0269231
point 58 571 52.7104   170.6  0.801076  0.787821  0.290315   0.63747  0.280045 -0.695697  0.927979 -0.375611  0.535947 -0.284564
point 59 581 266.301 239.327 -0.682051 -0.490977 -0.294158  0.970024 -0.958249 -0.130992 -0.135839 -0.769444  0.882317 -0.136955
point 60 588 106.232 230.882 -0.248526 0.0802202 -0.411392 -0.617169  0.572425  0.607324 -0.572037   0.31277 -0.173838  0.117428
point 61 603 327.703 141.128   0.99532  0.590263  0.711488  0.269044 -0.808145  0.399902 -0.867165  0.794583 -0.559657  0.663432
point 62 627 411.392 111.201 0.0685669  0.908901  -0.62709 -0.539141 -0.795539  0.340603 -0.816152 0.0334333  0.288366  0.618877
point 63 646 76.7733 221.984 -0.336279  0.631708  0.785692  0.782272  0.374045 -0.721866 -0.334157  0.814903  0.278231  0.493775
point 64 655 274.534 225.621   -0.1118  0.694693  0.456766   -0.5967 -0.577949 -0.451614 -0.955974 -0.687135 -0.853858  0.842232
point 65 658 290.067 226.766   0.372091  0.0743567 -0.0935449  -0.313566   0.182262   0.992905   0.618629   0.611527  -0.794545    0.53586
point 66 669 420.694 236.413   0.483372   0.656269  -0.716335  -0.468197   0.183675   -0.65684 -0.0689257   0.944908  -0.237626  -0.320682
point 67 674 564.914  232.56  0.854488 -0.774124  0.420991  0.731395 -0.417257 -0.484526  -0.71238  0.153539 -0.124107  0.247022
point 68 678 524.227 129.354 -0.797586 -0.908234 -0.373983 -0.405675 0.0238745 -0.960727 -0.913834 -0.135361  0.266446 -0.333111
point 69 681 121.649 208.887 -0.274985  0.572889  0.186375  0.444509 -0.758508  0.172914 -0.800205  0.427282 -0.126281 -0.855589
point 70 697 102.968 208.098  0.171102 -0.768509 -0.490057  0.945664  0.498485 -0.759256 -0.273491 -0.145119 -0.192172 -0.816709
point 71 717 322.039  36.352  0.973209  0.656893 -0.909723 -0.257887 -0.357633 -0.704345 -0.648674   0.72541 -0.382137  0.659432
point 72 771 108.986  225.56  0.212909 -0.414764  0.782519  0.959326 -0.637233  0.865461  0.673005 -0.238837  -0.42424 -0.635409
point 73 780 520.951 239.367 -0.986888 -0.215834  -0.31828   0.13573  0.968484  0.550821  0.496299 -0.823003  0.278877  0.961912
point 74 804  205.98 196.903 -0.795487 -0.720086 -0.686969 -0.575654  0.538002  0.703765 -0.111635  0.464928  -0.56808  0.136501
point 75 826 595.853 186.269   0.520775  -0.210085   0.222426   0.539881   0.942201  -0.437068 -0.0124431   -0.74071   0.769863   0.624211
point 76 837 156.952  125.49 -0.096301  -0.22972 -0.509116 -0.342164  -0.79133  0.175313 -0.456338 -0.375722 -0.831941 -0.453364
point 77 846 180.359 224.406   0.462907   0.292218   0.401816  -0.864825  -0.924028 -0.0529982  -0.704459  -0.271302  -0.372097   0.223167
point 78 847 438.723 213.093  0.117484  0.480253  0.366144   0.95388 -0.761578 -0.733749 -0.345913 -0.859124 -0.818209  0.193215
point 79 869  574.18 234.369  0.426482  0.762388 -0.766821 -0.549322 0.0158664 -0.768497  0.556423  -0.89786  0.826175 -0.892971
point 80 877 461.138  183.46 -0.698683  0.876748  0.746952 -0.954643 -0.131184 -0.989386  0.860171 -0.614945  0.406594  0.438314
point 81 878 301.438 234.329  -0.965168  0.0160025  -0.959596  0.0446268 -0.0244993   0.471784   0.384076  -0.125848  -0.745689  -0.576388
point 82 886 196.533 163.203 -0.362087 -0.842118 -0.468483 0.0544382  0.335238  0.985881  0.903623  0.868435 -0.725138 -0.841041
point 83 892  33.462 125.697   0.314044  -0.894541  -0.715906   0.712615   -0.72064   0.685969  -0.680273   0.160772   0.851594 -0.0349736
point 84 897 633.033 128.692  0.236569  0.858017  0.978294  0.576099  0.139594  -0.83104 -0.119346 -0.209869 -0.884639  0.261229
point 85 898 75.7078 230.336  0.813511 -0.610904  0.266864 0.0363978 0.0707968 -0.301128  0.532009 -0.522292 -0.116626  0.448443
point 86 905 277.505 143.835  -0.96694  0.123211  0.476778 -0.382044  0.674013  0.280002 -0.834053  0.652308 0.0661361   0.15474
point 87 910 278.509 191.026   -0.931117     0.63372    0.456095 -0.00985324    0.642471    0.472266   0.0661508    0.592692     0.77206    0.363984
point 88 911 5.74215 7.55553 -0.982471 -0.385862 -0.778247  0.712827 -0.926006 -0.086434 -0.979104 -0.148568  0.487541 0.0928016
point 89 920 135.297 167.178   -0.9033  0.696812   -0.3423 -0.349221 -0.425908 -0.177421  0.820038 -0.845958  0.999984  -0.53974
point 90 928 198.749  199.64 -0.160221  0.886654 -0.824488 -0.898695 -0.269928 -0.576077 -0.690181 -0.360302 -0.457166  0.310668
point 91 939 146.728 198.261 -0.426205 -0.741321  0.567446  0.887447  0.205347 -0.923181 -0.730775  0.682368  0.137528  0.783253
point 92 947 572.569 131.835  -0.33514 -0.939474  0.823421 -0.569482 -0.531915  0.907633  0.627697 -0.748802 -0.860526  0.724962
point 93 953 487.273 170.286  0.0364577   0.555652   0.767362  -0.606662  -0.121735 -0.0609784  -0.443177   0.756868  -0.674452    0.77702
point 94 963 200.421 208.292 -0.0250311   -0.80992  -0.385503   0.413624  -0.890219    0.26532   0.938122  -0.916241  -0.188038   0.485644
point 95 966 590.919 212.723   0.704319   0.345159  0.0238279   0.561387   0.754055 -0.0416735  -0.728297 -0.0311136   0.726056  -0.582109
point 96 968 355.559  175.56  0.0707698  -0.385812  0.0864311  -0.069716    0.93266   -0.20925  -0.724557 -0.0435116  -0.647863  -0.970503
point 97 972 451.931 162.093  -0.703872   -0.52895   0.964815 -0.0106197  -0.990227  -0.556681   -0.75033  -0.302126  -0.698704   0.704034
point 98 984 592.875 128.776 -0.428851  -0.79993 -0.943686 -0.541451  0.495974   0.58049 0.0557716  0.479026 -0.539958 -0.647828
point 99 989 254.874 238.185  -0.684991   0.304373   0.477344  -0.594265 -0.0762612  -0.562557  -0.151368   0.511633   0.531866   -0.49773
point 100 993 524.683 159.349  -0.204167    0.95429  -0.485235   0.731808 -0.0896459   0.364398  -0.274497   0.146474   0.378063  -0.303513
point 101 997 343.904 235.754   0.957896  -0.947002 -0.0411545   0.833408  -0.436345 0.00909197   0.639122   -0.87136  -0.238784   0.629636

