seq: 7
gt_pose: 1.40263       0       0
odom_pose:    1.38451 -0.0135787 -0.0253994
point 0 3 294.825 189.186 -0.199543  0.783059 -0.433371 -0.295083  0.615449  0.838053 -0.860489  0.898654 0.0519907 -0.827888
point 1 17  292.909 0.948853  -0.439916  0.0922137   0.438537  -0.773439 -0.0570331    0.18508   0.888636 -0.0981649  -0.327298   0.695369
point 2 35 594.167 205.744  0.104633  0.839182  0.371973  0.619571  0.395696 -0.376099  0.291778  -0.98799 0.0659196  0.687819
point 3 42  292.95 140.861  0.0300982  -0.774704   -0.02038  0.0206981  -0.903001   0.628703  -0.230683   0.275313 -0.0957552  -0.712036
point 4 44 31.2159 75.3039  -0.560424   0.260486   0.847025   0.475877 -0.0742955  -0.122876   0.701173   0.905324   0.897822   0.798172
point 5 45 480.302 232.922  -0.561728 -0.0448976   0.899641 -0.0676628   0.768636   0.934554  -0.632469  -0.083922   0.560448   0.532895
point 6 49 203.674 162.062  -0.689327  -0.414222   0.764408  -0.267944   0.798863   0.495275 -0.0483887  -0.454026   0.893281  -0.755348
point 7 54 531.039 175.378 -0.621873  0.182221 -0.893121 -0.797092  -0.68545 -0.511703 -0.727659  0.178237 -0.883895  0.779106
point 8 57 476.902 112.079  0.406373 -0.334216 -0.570952  0.518417 -0.483777  0.367148 -0.967645  0.690246  0.704822  0.201525
point 9 59 499.339 207.806  -0.912169  -0.952274  -0.989848 -0.0254917  -0.414229   0.416525   0.640292  0.0148191 -0.0650582  -0.843484
point 10 61 38.0309  139.81  0.157225  0.472924  0.487454  0.845144 -0.807192  0.575285   0.89287 -0.797039 -0.450207 -0.521358
point 11 62  637.46 201.316  -0.445573  -0.653399   0.875428   0.521724  -0.806637   0.962217   0.690546  -0.316921   0.384927 -0.0869716
point 12 64 261.047   163.4   0.886444   0.536411  -0.755827   -0.92347  0.0298719    -0.2014  -0.576869 -0.0947003  -0.679676  -0.383506
point 13 71 108.744 167.101  0.180814  0.235164  0.527528  0.548865 -0.431421 -0.846493  0.760017 -0.654556 -0.642027 -0.280428
point 14 75 201.444 210.453 -0.649174 -0.910541  0.919433  0.550115 -0.774071   0.72253 -0.585487  0.988392 0.0722291  0.335817
point 15 82 180.773 170.826   0.925102 -0.0496722  -0.230982  -0.283529   0.861709   0.833702  -0.793513   0.801793   0.751209  -0.616456
point 16 84 509.914 145.477 -0.429702  0.105475   0.35051  0.915419  0.248119  0.275612 -0.134254 -0.982863  0.992083 -0.272545
point 17 115 256.397 157.177  -0.713552  -0.760832   0.452289   0.493271 -0.0586519  -0.576791   0.926184  -0.470895  -0.468363   0.451542
point 18 120 210.425 172.869 -0.976509  0.160097  0.687787 -0.546377  0.630587  0.577181 -0.664703  0.282376 -0.906305  0.312197
point 19 134 63.7279 146.481 -0.320536  0.102604  0.432494  0.855246  0.693223 -0.335636  0.925274  0.769087  0.588494 -0.809611
point 20 135 23.8587 203.963 0.485805 0.455553 0.461855 0.305176 0.227615 0.980329 0.593576 0.406832  0.35542 0.691053
point 21 136  28.034 183.381 -0.417624  0.146155  0.691266 -0.994755  0.374588  -0.62927  0.107849 -0.192919 -0.774024 -0.198928
point 22 140 131.406 178.435 -0.484123 -0.101959  0.631811  0.100988  0.821452 -0.758332  0.377152 -0.607818 -0.358456  0.887305
point 23 152 619.202 133.886  0.0574107   0.463877  -0.622497  -0.587906   0.931765   -0.52355 -0.0997668   0.629589   0.790249   0.290906
point 24 161 21.2925 147.188    0.453149    0.935137 -0.00940692   -0.434331   -0.399451   -0.794634   -0.422087   -0.299585   0.0521224    0.621582
point 25 169 86.3612  89.312  -0.580536    0.47454   0.725557  -0.258271 -0.0866607   0.488779   0.339743   0.469085  -0.695875  -0.527021
point 26 170 139.976 236.326  0.130379 -0.347084  0.229718  0.134605  0.786518 -0.196228 -0.872535  0.736948  0.437662  0.714286
point 27 174 455.904 191.314  0.686459   0.12783  0.879583  0.152096 0.0269817 -0.478074 0.0907115 -0.573812 -0.495895 -0.935992
point 28 179 263.627 161.963 0.00629616  -0.839189  0.0844932   0.801791   0.703573   0.366906  -0.338707  -0.797893   -0.21148   0.787819
point 29 198 544.845 232.527  0.901787  0.580917  -0.33954 -0.568724  0.985537 -0.796094  0.896412 -0.939148 -0.705186  0.321051
point 30 202 277.597 68.8777 -0.551324 -0.194272  0.248272  0.341975  0.134538  0.796943  0.609249  -0.20802  0.135297 -0.158426
point 31 204 623.989 225.078  -0.311689   0.797234  -0.478163   0.728032   0.995749 -0.0294869   -0.46624   0.244021  -0.687512   0.668298
point 32 206 403.581 149.568  0.707552 0.0465425  0.643557  0.921335 -0.760497 -0.668131   0.71857  -0.23866   -0.9401  0.714319
point 33 252 572.355 186.498  -0.424992 -0.0293251   0.689334  -0.153581    0.97247   0.884776  -0.106675   -0.17754  -0.920958  0.0619036
point 34 259 430.247 194.308  0.193008  0.666363 0.0927851  0.475111 -0.423348 0.0427716  -0.72605  0.435016 -0.882414 -0.588014
point 35 261 623.272 193.109   0.866622    0.43434    0.98625  -0.314005  -0.191358   0.179258  -0.647641   0.901427  -0.345632 -0.0709891
point 36 273 611.994  157.84  0.668423 -0.520536 -0.558654  0.294066 -0.839669 -0.801367 -0.217189 -0.861724  0.908735  0.104774
point 37 276  237.69 239.667   0.531855  -0.683572  0.0752114 -0.0770754   0.254499 -0.0478764   0.292591  -0.635768  -0.449296    0.73695
point 38 280 290.272 223.895  -0.241978   0.143178   0.553871  -0.138676  -0.320796  -0.377717   0.822066   0.838351 -0.0976505   0.778525
point 39 286 486.311 137.543 -0.760072 -0.486215 -0.436706 -0.224026  0.050745   0.34627  0.881768 -0.887554 -0.954168  0.720592
point 40 290 359.383 169.997 -0.672914  0.829044 -0.769119  -0.49239 -0.674706  0.514999 -0.895023 -0.781311  0.580249 -0.971832
point 41 313 375.017 15.1975   0.116608   0.331907    0.15694   0.105878   0.469364   0.693325   -0.42406  -0.605678 -0.0889612   0.407338
point 42 315 33.9766 189.901 -0.843146 -0.360448 -0.944335  0.108137 -0.365138  0.172273 -0.559957  0.791802 -0.721849  0.909408
point 43 316 400.845 162.842  -0.603834  -0.738571  -0.941274  -0.496732  -0.467398 -0.0419701  -0.382965  -0.167471  -0.291014  -0.686677
point 44 319 396.165 98.1749 -0.964424  0.242944  0.598827 -0.235542 -0.715353  0.159202  0.696964  -0.32369 -0.978992  0.365484
point 45 325   196.8 204.526 -0.204606 -0.293611 -0.620574  0.119343  0.210311 -0.342854  -0.26259 -0.476689 -0.585566 -0.981845
point 46 327 599.278 192.125 -0.335786 -0.976615 -0.252671  0.866443  0.314528  0.542723 -0.427168  0.693954 -0.337934  0.783143
point 47 340 242.229 172.446  0.427898 -0.388001 -0.687436 -0.101055  0.798478 -0.135643 -0.687554 -0.449847  0.534066  -0.36603
point 48 343 63.4343 221.364 -0.0194843  -0.958109  -0.362872  -0.836531  -0.210987 -0.0851599   0.281379  -0.904037   0.576295  -0.434178
point 49 353  211.42 155.961   -0.53821  -0.241297   0.966817  -0.299916  -0.308494   0.319435 -0.0608006  -0.557971  -0.426072   0.118989
point 50 373 475.477 237.454  -0.435928   0.828931 -0.0142737  -0.339049    0.42988   0.542055 -0.0487353   0.727505  -0.320059  -0.841002
point 51 396 182.409 144.663  0.246289 -0.734244  0.857687  0.711649 -0.396586 -0.335372 -0.788246 -0.406796  0.361242  0.623127
point 52 398 547.636 184.154 -0.831256  0.884638 -0.658704  0.416883  -0.97504  0.587585  0.682639  0.882647  0.299235 -0.713947
point 53 403 392.818 223.231  0.190165  0.666708 -0.509278  -0.55267 -0.599717  0.492793  0.990549  0.681135 -0.994149 -0.586974
point 54 446 633.602 132.306    0.525824   -0.750104     0.58581    0.915839   -0.992607    0.170148    0.987469    0.471293    0.532874 -0.00330192
point 55 448 328.301 185.614  0.851063 -0.435679 -0.809644  -0.65209  -0.29962   0.71618 -0.402194  -0.71381  0.632019 -0.394802
point 56 456 268.106 191.973  0.199062 -0.585708  0.540179 -0.504498 -0.350252  0.643875 -0.537669 -0.699898 -0.801634 -0.915805
point 57 463  564.71 26.9103   0.555612 -0.0635031  -0.323061   0.546593   -0.80524   0.271691   0.951359  -0.810283  -0.756589  0.0700127
point 58 469 464.406 2.49479 -0.0936731   -0.83534   0.944794   0.955683  -0.127341  -0.466801   -0.79611   0.778958   0.193467   -0.89758
point 59 482 612.792 209.744  0.507578  0.399546   0.24959  0.179945 -0.361838 -0.523488  0.236396 -0.244324  0.268875 -0.346252
point 60 498 598.483 209.764 -0.464751  0.413155  0.839367  0.865636 -0.667168  0.926598 -0.874221  0.912457  0.187283 -0.979814
point 61 500 629.977 208.156  0.966673  0.129106  -0.82433 -0.732683 -0.491237 -0.289081  0.680472  -0.65187 -0.423445 -0.986696
point 62 509 509.763 206.931  0.305684 -0.907316 -0.316612  0.692226  0.810072  0.842731 -0.436599  -0.33115 -0.318227  0.931486
point 63 521 80.3963 188.226 -0.820211 -0.330187    0.6289  0.169044 -0.231841 0.0135528 -0.390455 -0.668401 -0.830113 -0.681391
point 64 532 593.406 132.799 -0.849612  0.374344  0.802779   0.84319  0.718721  0.747208  0.211618 -0.477605  0.935741 -0.463259
point 65 533 356.982 172.325  -0.689763  -0.197455   0.600062  -0.265944  -0.730354   -0.73325   0.596232  -0.258049   0.675264 -0.0269231
point 66 571 487.692 148.801  0.801076  0.787821  0.290315   0.63747  0.280045 -0.695697  0.927979 -0.375611  0.535947 -0.284564
point 67 573 353.463 26.0395  0.893951 -0.240427  0.252159 -0.459052 -0.280533 0.0532347  -0.67123 -0.990219 -0.309295  0.608814
point 68 581 67.9772 239.326 -0.682051 -0.490977 -0.294158  0.970024 -0.958249 -0.130992 -0.135839 -0.769444  0.882317 -0.136955
point 69 588 337.818 229.787 -0.248526 0.0802202 -0.411392 -0.617169  0.572425  0.607324 -0.572037   0.31277 -0.173838  0.117428
point 70 629 477.768 147.781 -0.427359  0.775921  0.652124 -0.909509  0.958261 -0.279309  0.999391 -0.668829  0.181551 -0.796148
point 71 646 349.258 222.439 -0.336279  0.631708  0.785692  0.782272  0.374045 -0.721866 -0.334157  0.814903  0.278231  0.493775
point 72 668 206.602 181.182 -0.566585  0.812114 -0.780023 -0.429643 -0.499277 -0.173557   0.15871 -0.497373 -0.879109 -0.548088
point 73 681  376.72 194.924 -0.274985  0.572889  0.186375  0.444509 -0.758508  0.172914 -0.800205  0.427282 -0.126281 -0.855589
point 74 697 444.248 190.063  0.171102 -0.768509 -0.490057  0.945664  0.498485 -0.759256 -0.273491 -0.145119 -0.192172 -0.816709
point 75 709 461.719 199.672  0.937153 -0.879094 -0.981195 -0.979103  0.494458  0.812171  0.773809  0.502087  0.177656 -0.485632
point 76 717  48.926 162.022  0.973209  0.656893 -0.909723 -0.257887 -0.357633 -0.704345 -0.648674   0.72541 -0.382137  0.659432
point 77 768 367.896 203.889 0.0649189 -0.179069  0.213072  0.375913 -0.723676  0.258259 -0.208918   0.43046  0.730665  0.656339
point 78 771 359.749 222.058  0.212909 -0.414764  0.782519  0.959326 -0.637233  0.865461  0.673005 -0.238837  -0.42424 -0.635409
point 79 777   471.32 0.301317  -0.618019   0.647359  -0.295216   -0.46367   0.597632  -0.260034  -0.304197   0.560956 -0.0307597  0.0843846
point 80 804 158.532 197.594 -0.795487 -0.720086 -0.686969 -0.575654  0.538002  0.703765 -0.111635  0.464928  -0.56808  0.136501
point 81 815 490.574 10.0936  0.101442 -0.220784  0.970955 -0.306813  0.708938  0.611461 -0.380323 -0.615484  0.794105  0.882025
point 82 817   209.9 204.098  -0.274231   0.523743   0.819922   0.592757   0.627347 -0.0786369  -0.628028   0.598301    0.61455   -0.91909
point 83 837 239.727 121.072 -0.096301  -0.22972 -0.509116 -0.342164  -0.79133  0.175313 -0.456338 -0.375722 -0.831941 -0.453364
point 84 846 155.325 230.598   0.462907   0.292218   0.401816  -0.864825  -0.924028 -0.0529982  -0.704459  -0.271302  -0.372097   0.223167
point 85 866 188.807 179.547 -0.537161 -0.104235  0.767242 -0.609602  0.661625  -0.24364 -0.144066  0.391348 -0.441663  0.917017
point 86 867 289.554 176.209   0.998324   0.105745  0.0862737   0.594672  -0.449394 -0.0394911    -0.7548  -0.387831   0.649842 -0.0564423
point 87 872 18.1388 159.046  0.428111  0.847718  0.069445  0.499486 -0.433084  0.781935 -0.485582 -0.286674 -0.850318 -0.929226
point 88 882 472.209  165.24 -0.460616  0.960591 -0.609741  0.583099  0.471618  -0.21904 -0.934873 -0.799917  -0.56627  0.618537
point 89 885  508.72 115.453   0.860286  -0.660656  -0.115345 -0.0372115   0.551696   0.655959   0.709564   0.829646   0.619264 -0.0252347
point 90 886 186.516 151.817 -0.362087 -0.842118 -0.468483 0.0544382  0.335238  0.985881  0.903623  0.868435 -0.725138 -0.841041
point 91 892 327.377  158.19   0.314044  -0.894541  -0.715906   0.712615   -0.72064   0.685969  -0.680273   0.160772   0.851594 -0.0349736
point 92 898 265.994  233.64  0.813511 -0.610904  0.266864 0.0363978 0.0707968 -0.301128  0.532009 -0.522292 -0.116626  0.448443
point 93 905 19.3027  65.085  -0.96694  0.123211  0.476778 -0.382044  0.674013  0.280002 -0.834053  0.652308 0.0661361   0.15474
point 94 911 166.403 192.329 -0.982471 -0.385862 -0.778247  0.712827 -0.926006 -0.086434 -0.979104 -0.148568  0.487541 0.0928016
point 95 920 175.549 204.739   -0.9033  0.696812   -0.3423 -0.349221 -0.425908 -0.177421  0.820038 -0.845958  0.999984  -0.53974
point 96 926 211.445 227.001  -0.751589  -0.791486   0.909627  -0.881089 0.00084877  -0.543338  -0.396211  -0.730343  0.0485721   0.563291
point 97 928 220.036 175.027 -0.160221  0.886654 -0.824488 -0.898695 -0.269928 -0.576077 -0.690181 -0.360302 -0.457166  0.310668
point 98 935 538.216 227.135  -0.719019  -0.916792   0.246538   0.963125  -0.633256   0.512292   0.306858   0.825865  -0.760669 -0.0481229
point 99 939 241.761 200.328 -0.426205 -0.741321  0.567446  0.887447  0.205347 -0.923181 -0.730775  0.682368  0.137528  0.783253
point 100 963 288.482  159.64 -0.0250311   -0.80992  -0.385503   0.413624  -0.890219    0.26532   0.938122  -0.916241  -0.188038   0.485644
point 101 971 357.204 164.059    0.683682 -0.00590533    0.276129   -0.692478    0.992478  -0.0830001    0.349253    0.969964    0.785632   -0.163421
point 102 989 73.5253 233.174  -0.684991   0.304373   0.477344  -0.594265 -0.0762612  -0.562557  -0.151368   0.511633   0.531866   -0.49773

