seq: 19
gt_pose:  3.71949 0.144398  0.58849
odom_pose:   3.73382 0.0865316  0.550893
point 0 3 398.044 104.776 -0.199543  0.783059 -0.433371 -0.295083  0.615449  0.838053 -0.860489  0.898654 0.0519907 -0.827888
point 1 15 128.303 171.144    0.746543    0.662075    0.958868    0.487622    0.806733    0.967191    0.333761 -0.00548297   -0.672064    0.660024
point 2 49 262.775 131.163  -0.689327  -0.414222   0.764408  -0.267944   0.798863   0.495275 -0.0483887  -0.454026   0.893281  -0.755348
point 3 50 322.905 201.384  0.849079 -0.631868 -0.435432 -0.665669 -0.594046   0.25225 -0.647522 -0.746662 -0.544896  0.893849
point 4 61 152.744 150.966  0.157225  0.472924  0.487454  0.845144 -0.807192  0.575285   0.89287 -0.797039 -0.450207 -0.521358
point 5 71 208.453 170.243  0.180814  0.235164  0.527528  0.548865 -0.431421 -0.846493  0.760017 -0.654556 -0.642027 -0.280428
point 6 75 266.391 200.645 -0.649174 -0.910541  0.919433  0.550115 -0.774071   0.72253 -0.585487  0.988392 0.0722291  0.335817
point 7 79 277.902 194.655 -0.227403 -0.719324 -0.146891  -0.79322  0.200811  0.935388 -0.781533  0.738179 -0.681351  0.605207
point 8 82 247.282 153.933   0.925102 -0.0496722  -0.230982  -0.283529   0.861709   0.833702  -0.793513   0.801793   0.751209  -0.616456
point 9 87 394.567 231.104  0.713652  0.819024 -0.226661  0.912222 -0.651729 -0.624614 -0.505664 -0.279671   0.83479   0.25576
point 10 94 568.844 168.818  -0.72231    0.4106  -0.53487  0.194227  -0.98424  0.638203 -0.053909 0.0454577   0.58184  -0.74639
point 11 106  44.386 233.102 -0.209368  0.978966 0.0665052 -0.121585  0.435557  0.159531 -0.183166   -0.9717  0.497884 -0.109531
point 12 112 477.249 235.714 0.00295949  -0.781826  -0.752061   -0.90727  -0.432166  -0.899473  -0.958272 -0.0410898  -0.219422   0.117047
point 13 115  301.87 50.6443  -0.713552  -0.760832   0.452289   0.493271 -0.0586519  -0.576791   0.926184  -0.470895  -0.468363   0.451542
point 14 120 246.738 128.419 -0.976509  0.160097  0.687787 -0.546377  0.630587  0.577181 -0.664703  0.282376 -0.906305  0.312197
point 15 130  119.86 175.678  0.785443  0.260849   0.01511  0.994105  0.497101 -0.288984   0.96396 -0.910018 -0.472767 -0.530971
point 16 134 130.496 139.974 -0.320536  0.102604  0.432494  0.855246  0.693223 -0.335636  0.925274  0.769087  0.588494 -0.809611
point 17 140 192.063 167.809 -0.484123 -0.101959  0.631811  0.100988  0.821452 -0.758332  0.377152 -0.607818 -0.358456  0.887305
point 18 157 89.9698 236.981 0.00991201   0.131362   0.639576   0.485604   -0.73967  -0.962024   0.252202   0.606869  -0.722665   0.500674
point 19 161 136.449 157.625    0.453149    0.935137 -0.00940692   -0.434331   -0.399451   -0.794634   -0.422087   -0.299585   0.0521224    0.621582
point 20 162 437.249 169.162 -0.594425  0.268688 0.0260472 -0.746842  0.114005 -0.975397  0.601416 -0.740525 -0.641723  0.168242
point 21 170 185.567 235.327  0.130379 -0.347084  0.229718  0.134605  0.786518 -0.196228 -0.872535  0.736948  0.437662  0.714286
point 22 185 517.825 90.5239 0.0807773 -0.583649 -0.526938  0.331644 -0.266434   0.87263 -0.659558  0.891217 -0.216417 -0.144001
point 23 191 64.0228 218.305  -0.886262  -0.850989  -0.887078   0.743702 -0.0206882   -0.94269  -0.300574  0.0238575  -0.795043    0.60902
point 24 214 10.3899 186.633   -0.71555  -0.534099  -0.691213  -0.146918   0.189664 -0.0762202   0.764484  -0.784523 -0.0549859  -0.447619
point 25 244 281.474 196.328 0.0431653 -0.895202  0.513693  0.624011 -0.858383  0.717789 -0.366397  0.305536  0.155797  0.253145
point 26 276 305.153 239.483   0.531855  -0.683572  0.0752114 -0.0770754   0.254499 -0.0478764   0.292591  -0.635768  -0.449296    0.73695
point 27 279 500.166 174.146 -0.465503 -0.356532  0.239241  0.217021 -0.123516  0.720435  0.371078 -0.836717   0.90324  0.409513
point 28 310 97.1278 161.989  0.589489  0.178854 -0.651341 -0.814686  0.653497 -0.212735 -0.855611 -0.342811  0.796955 -0.619376
point 29 325 191.726 171.908 -0.204606 -0.293611 -0.620574  0.119343  0.210311 -0.342854  -0.26259 -0.476689 -0.585566 -0.981845
point 30 340 315.603 137.907  0.427898 -0.388001 -0.687436 -0.101055  0.798478 -0.135643 -0.687554 -0.449847  0.534066  -0.36603
point 31 341 358.505 218.186   -0.722288     0.11791     0.30695   -0.338545    0.284443   -0.383251   -0.817473   -0.673885    0.819384 -0.00643522
point 32 343 122.344 219.517 -0.0194843  -0.958109  -0.362872  -0.836531  -0.210987 -0.0851599   0.281379  -0.904037   0.576295  -0.434178
point 33 348 526.724 188.905    0.85717  0.0853071   -0.75142   0.230527   0.343604  -0.290332   0.169706  -0.685386 -0.0704218  -0.999179
point 34 390 282.568 232.448  0.321336 0.0155724  0.254602  -0.56322  0.335345   0.86228  0.298069  0.159584 -0.579669   0.43009
point 35 396 203.608  88.042  0.246289 -0.734244  0.857687  0.711649 -0.396586 -0.335372 -0.788246 -0.406796  0.361242  0.623127
point 36 401 311.591 215.404 0.00207019   0.543219   0.280851  -0.486941  -0.577524   0.189369   0.647174   0.824618  -0.911852  -0.581235
point 37 407 371.149 222.606  -0.708016   0.952959  -0.912045   0.661734  -0.800893 -0.0453834   0.704121  -0.939105  -0.362943  -0.465606
point 38 418 406.391 226.361  -0.920895 -0.0143145   0.299817  -0.641617   0.896507   0.764454   0.970399  -0.759259  -0.629835    0.61629
point 39 427 436.403 163.919   0.722535   0.901922   0.258614  -0.405867 -0.0975846   0.818708   0.221926  -0.723734  -0.657121   0.658118
point 40 440 35.0374 157.548 -0.878088 -0.933482 0.0969003  0.917011 -0.544494  0.419336  0.728103  -0.19381  0.399848  -0.55173
point 41 449 107.193 153.882 -0.0107875  -0.383813   0.818915  -0.508941 -0.0715201  -0.545878    0.53333 -0.0153535  -0.329715  -0.215624
point 42 456 350.756 155.796  0.199062 -0.585708  0.540179 -0.504498 -0.350252  0.643875 -0.537669 -0.699898 -0.801634 -0.915805
point 43 487  119.92 177.904 -0.831057  0.991676 -0.717482 -0.914122 0.0256946  0.635679  -0.34344 -0.901112  0.335089   -0.1979
point 44 512 365.975 137.453 -0.634193 0.0610135  0.746433  -0.34739  0.580688 -0.910602 -0.255151  0.208403 0.0479094 -0.447927
point 45 517 102.206 184.892  -0.392342 -0.0411466  -0.824722   -0.50493   0.354429   0.129903 -0.0654435  -0.783899   0.693593  -0.470964
point 46 521  184.37 191.779 -0.820211 -0.330187    0.6289  0.169044 -0.231841 0.0135528 -0.390455 -0.668401 -0.830113 -0.681391
point 47 550 440.059 212.559   0.251305 -0.0969144  -0.686248   0.530083  -0.365836  -0.516823  -0.865022   0.192085 -0.0143605  -0.770673
point 48 564 362.044 199.608 -0.631889  -0.14868   0.24385 -0.468834 -0.120378  0.500721 -0.465912 -0.957167 -0.767775  0.978964
point 49 569 3.33699  195.89 0.0139885 -0.709491  0.344344  0.231644 -0.212543  0.428689  0.428264 -0.548952  0.947083 -0.390259
point 50 581 81.7147 239.139 -0.682051 -0.490977 -0.294158  0.970024 -0.958249 -0.130992 -0.135839 -0.769444  0.882317 -0.136955
point 51 582 528.825 151.472 -0.0264319  -0.806796  -0.525327   0.974384   0.165895  0.0992548  -0.452846   0.214262   0.022279   0.736593
point 52 604 626.834 228.152  0.318233 -0.911661 -0.902517  0.509487 -0.652275 -0.812441   0.23456 0.0717087 0.0110886 -0.591692
point 53 605 315.057 216.783   0.921483   0.479119  -0.389221   0.336127   0.177424  -0.393901 -0.0736098  -0.111088   0.875143   0.118245
point 54 608 560.011 196.405   0.710472   0.986346 -0.0553367   0.718451  -0.100825    0.67382   0.389862   0.793649   0.140742   0.951503
point 55 612 585.393 159.307 -0.687846  0.491746  0.186826  0.327141  0.389794  0.991906 -0.890935  0.123171  0.665086  0.546839
point 56 619 503.772 151.531  0.024256  0.927912   0.36761 -0.955498 -0.945418 -0.592501 -0.776592  0.316644   0.55347 -0.315855
point 57 621  477.57 174.026   0.824422 -0.0906923  -0.947024  -0.230851   0.234043  0.0772321   -0.30294  -0.398348   0.121735  -0.248358
point 58 624 514.982 212.553 -0.00639963    0.660534   -0.733744   -0.661257     0.72882   -0.171122   -0.631969    0.176289    0.743861    -0.60895
point 59 628 73.4594 210.249  -0.68746  -0.15134  0.168139 -0.370447  -0.20573  0.875944   0.60202 -0.388255   0.49264  0.831591
point 60 630 266.754 219.863 -0.0398604 -0.0157242  -0.345779  -0.342176   0.656443 -0.0332394   0.506484  -0.175418   0.596314  -0.699246
point 61 632 462.431 236.197 -0.0882902   0.201696  -0.299839  -0.722891  -0.561019   0.660301   0.261384  0.0932024  -0.681875  -0.082173
point 62 668  275.22 162.301 -0.566585  0.812114 -0.780023 -0.429643 -0.499277 -0.173557   0.15871 -0.497373 -0.879109 -0.548088
point 63 704 90.7088 192.421 -0.381805  0.123618  0.381841  -0.17697 -0.510319   0.82752  0.555061 -0.942775 -0.503485  0.669169
point 64 717 138.295 163.682  0.973209  0.656893 -0.909723 -0.257887 -0.357633 -0.704345 -0.648674   0.72541 -0.382137  0.659432
point 65 737 453.463 196.444 -0.355171  0.119763  0.030104   0.57974 -0.776874  0.113401 -0.858381 0.0912749  0.510062 -0.160752
point 66 740 493.118 198.389  0.413492  0.772475 -0.960793  0.620993 -0.112076  0.291664  0.679273 -0.457586  0.701523 -0.918115
point 67 749 363.976 211.064 -0.633416  0.235294  0.650902 -0.701771   0.53871 0.0101142  0.731754  0.141226 -0.270936  -0.17257
point 68 754 638.235 141.177 0.0396359  0.446079 -0.307351 -0.980977  0.211523 -0.496387  0.825841  0.690852  0.306763 -0.330148
point 69 778 368.243 217.295 -0.130899 -0.639431 -0.791487  0.728055 -0.534387 -0.883705 -0.385223   0.30321  -0.41933 -0.709572
point 70 803 252.914 194.408 -0.759037  0.987209  0.750335 -0.560071 -0.569532  0.217455 0.0943798  0.791583  -0.27677  0.679391
point 71 804 146.297 168.457 -0.795487 -0.720086 -0.686969 -0.575654  0.538002  0.703765 -0.111635  0.464928  -0.56808  0.136501
point 72 809 331.516 159.038  -0.25091 -0.909769 -0.957132 -0.276385 -0.538913  -0.19373  0.834641  0.788711 -0.242036 -0.217299
point 73 817 278.476 191.996  -0.274231   0.523743   0.819922   0.592757   0.627347 -0.0786369  -0.628028   0.598301    0.61455   -0.91909
point 74 823 288.51 177.48 0.0508676 -0.749369 0.0661669  0.733403  0.568444 -0.535874 0.0444659   0.93055 -0.468979 -0.029999
point 75 845 542.903  218.14 -0.0998934  -0.299793   0.902454   0.915541  -0.460872  -0.523302  -0.265494   0.437302   0.933922   0.864424
point 76 846 188.941  226.97   0.462907   0.292218   0.401816  -0.864825  -0.924028 -0.0529982  -0.704459  -0.271302  -0.372097   0.223167
point 77 866  250.99 161.148 -0.537161 -0.104235  0.767242 -0.609602  0.661625  -0.24364 -0.144066  0.391348 -0.441663  0.917017
point 78 868 83.1018 196.748   0.664433  -0.385111    -0.8638 -0.0188704  -0.655458  -0.400961   0.876895  -0.888216 -0.0105632   0.538519
point 79 886 148.723 56.1825 -0.362087 -0.842118 -0.468483 0.0544382  0.335238  0.985881  0.903623  0.868435 -0.725138 -0.841041
point 80 889 422.915 231.005  -0.814609   0.220625   0.827527  -0.290175  -0.974819   0.424222 -0.0445509  -0.743708   0.741724   0.122347
point 81 898 331.519 226.315  0.813511 -0.610904  0.266864 0.0363978 0.0707968 -0.301128  0.532009 -0.522292 -0.116626  0.448443
point 82 911  232.03 182.204 -0.982471 -0.385862 -0.778247  0.712827 -0.926006 -0.086434 -0.979104 -0.148568  0.487541 0.0928016
point 83 920 218.754 190.739   -0.9033  0.696812   -0.3423 -0.349221 -0.425908 -0.177421  0.820038 -0.845958  0.999984  -0.53974
point 84 926 270.907 221.321  -0.751589  -0.791486   0.909627  -0.881089 0.00084877  -0.543338  -0.396211  -0.730343  0.0485721   0.563291
point 85 939 259.608 146.354 -0.426205 -0.741321  0.567446  0.887447  0.205347 -0.923181 -0.730775  0.682368  0.137528  0.783253
point 86 951 267.688 212.069    0.17166  -0.836515  -0.121397   0.386527   0.220197 0.00337672  -0.998224      0.479  -0.172198  -0.665477
point 87 996 597.603 143.599   0.24774  0.514616  0.460844  0.943842   0.65943  -0.88469  -0.11828  0.690014 -0.424729  0.573008

