seq: 84
gt_pose:  8.36985  6.93692 -2.51713
odom_pose:  9.10258  6.46681 -2.46914
point 0 15   437.1 127.754    0.746543    0.662075    0.958868    0.487622    0.806733    0.967191    0.333761 -0.00548297   -0.672064    0.660024
point 1 20 31.0634 173.422 -0.485469 0.0648819 -0.824713 -0.479006  0.754768   0.37225  -0.81252 -0.777449 -0.276798  0.153381
point 2 49 237.838 160.738  -0.689327  -0.414222   0.764408  -0.267944   0.798863   0.495275 -0.0483887  -0.454026   0.893281  -0.755348
point 3 50 154.349 191.884  0.849079 -0.631868 -0.435432 -0.665669 -0.594046   0.25225 -0.647522 -0.746662 -0.544896  0.893849
point 4 61 362.398 129.981  0.157225  0.472924  0.487454  0.845144 -0.807192  0.575285   0.89287 -0.797039 -0.450207 -0.521358
point 5 71 323.057 96.8445  0.180814  0.235164  0.527528  0.548865 -0.431421 -0.846493  0.760017 -0.654556 -0.642027 -0.280428
point 6 75 231.775  205.19 -0.649174 -0.910541  0.919433  0.550115 -0.774071   0.72253 -0.585487  0.988392 0.0722291  0.335817
point 7 79  196.28 165.467 -0.227403 -0.719324 -0.146891  -0.79322  0.200811  0.935388 -0.781533  0.738179 -0.681351  0.605207
point 8 82 248.157 156.764   0.925102 -0.0496722  -0.230982  -0.283529   0.861709   0.833702  -0.793513   0.801793   0.751209  -0.616456
point 9 87 141.973 233.446  0.713652  0.819024 -0.226661  0.912222 -0.651729 -0.624614 -0.505664 -0.279671   0.83479   0.25576
point 10 94 51.9206 195.668  -0.72231    0.4106  -0.53487  0.194227  -0.98424  0.638203 -0.053909 0.0454577   0.58184  -0.74639
point 11 106 376.773 235.602 -0.209368  0.978966 0.0665052 -0.121585  0.435557  0.159531 -0.183166   -0.9717  0.497884 -0.109531
point 12 130 458.273 131.142  0.785443  0.260849   0.01511  0.994105  0.497101 -0.288984   0.96396 -0.910018 -0.472767 -0.530971
point 13 134 320.923 177.774 -0.320536  0.102604  0.432494  0.855246  0.693223 -0.335636  0.925274  0.769087  0.588494 -0.809611
point 14 140 289.503 186.142 -0.484123 -0.101959  0.631811  0.100988  0.821452 -0.758332  0.377152 -0.607818 -0.358456  0.887305
point 15 157 417.334 236.698 0.00991201   0.131362   0.639576   0.485604   -0.73967  -0.962024   0.252202   0.606869  -0.722665   0.500674
point 16 161 361.232 154.556    0.453149    0.935137 -0.00940692   -0.434331   -0.399451   -0.794634   -0.422087   -0.299585   0.0521224    0.621582
point 17 162 78.5817 175.768 -0.594425  0.268688 0.0260472 -0.746842  0.114005 -0.975397  0.601416 -0.740525 -0.641723  0.168242
point 18 170 284.768 237.287  0.130379 -0.347084  0.229718  0.134605  0.786518 -0.196228 -0.872535  0.736948  0.437662  0.714286
point 19 180 505.509 157.381 -0.149279  -0.52725  -0.69325 -0.701603  0.118669 -0.999189 -0.124666 -0.152447 -0.161619 -0.242068
point 20 190  513.39 228.997   0.380134   0.690649 -0.0789292   0.792111   0.488414   0.516982  0.0600868  -0.869873   0.368619   -0.49211
point 21 191 565.003  201.62  -0.886262  -0.850989  -0.887078   0.743702 -0.0206882   -0.94269  -0.300574  0.0238575  -0.795043    0.60902
point 22 205 557.732 200.544  -0.82374 -0.236689 -0.188512 -0.769172  0.497672  0.153202  0.190203 -0.671276  0.381834  0.115238
point 23 214 595.584 160.186   -0.71555  -0.534099  -0.691213  -0.146918   0.189664 -0.0762202   0.764484  -0.784523 -0.0549859  -0.447619
point 24 222 136.378 221.822   -0.663549    0.948795   -0.913171   -0.458395    0.490343   -0.710418 -0.00764436    0.520445    0.393025   -0.477797
point 25 232 280.766 233.632   -0.11467  -0.350817   0.404875  -0.315297  -0.899491 -0.0523909    0.82812   0.731313  -0.953354 -0.0413691
point 26 239 527.057 189.224 -0.433357 -0.898067 -0.796529  0.180707  0.604524  0.159357  0.224304  0.264031  0.183293 -0.571254
point 27 244 201.982 181.756 0.0431653 -0.895202  0.513693  0.624011 -0.858383  0.717789 -0.366397  0.305536  0.155797  0.253145
point 28 276 210.004 239.646   0.531855  -0.683572  0.0752114 -0.0770754   0.254499 -0.0478764   0.292591  -0.635768  -0.449296    0.73695
point 29 310 459.284 127.882  0.589489  0.178854 -0.651341 -0.814686  0.653497 -0.212735 -0.855611 -0.342811  0.796955 -0.619376
point 30 324  508.71 184.083 0.0841597  0.359045  -0.71088 -0.429574  0.614228 0.0257161  0.422177 0.0942372  0.284679  0.363596
point 31 340 193.88 156.93  0.427898 -0.388001 -0.687436 -0.101055  0.798478 -0.135643 -0.687554 -0.449847  0.534066  -0.36603
point 32 341 104.309   211.6   -0.722288     0.11791     0.30695   -0.338545    0.284443   -0.383251   -0.817473   -0.673885    0.819384 -0.00643522
point 33 343 318.639 228.503 -0.0194843  -0.958109  -0.362872  -0.836531  -0.210987 -0.0851599   0.281379  -0.904037   0.576295  -0.434178
point 34 348 105.228  213.21    0.85717  0.0853071   -0.75142   0.230527   0.343604  -0.290332   0.169706  -0.685386 -0.0704218  -0.999179
point 35 357  294.41 230.032  0.367889 -0.232975  0.484243  0.430981  0.551726 -0.108414  0.324477  0.729628  0.439443  -0.23825
point 36 390 199.074 229.637  0.321336 0.0155724  0.254602  -0.56322  0.335345   0.86228  0.298069  0.159584 -0.579669   0.43009
point 37 401 175.755 212.122 0.00207019   0.543219   0.280851  -0.486941  -0.577524   0.189369   0.647174   0.824618  -0.911852  -0.581235
point 38 407 70.0719 214.856  -0.708016   0.952959  -0.912045   0.661734  -0.800893 -0.0453834   0.704121  -0.939105  -0.362943  -0.465606
point 39 408 619.968 162.325 -0.387869  0.735636 -0.330823 -0.898037  0.166202  0.488817 -0.995179  0.467272  0.961482 -0.854677
point 40 411  561.36 215.663  0.464326  0.927597  0.861715  0.970264  0.403908  -0.56554  0.858937 -0.298863 -0.827988 -0.041285
point 41 418 136.129 230.185  -0.920895 -0.0143145   0.299817  -0.641617   0.896507   0.764454   0.970399  -0.759259  -0.629835    0.61629
point 42 427 40.5334 155.456   0.722535   0.901922   0.258614  -0.405867 -0.0975846   0.818708   0.221926  -0.723734  -0.657121   0.658118
point 43 435 567.346 223.463 -0.774835  0.314731 -0.046711 -0.359641  0.538494  0.994349 0.0419562 -0.863106   0.19074 -0.984009
point 44 438 500.633 195.372 -0.677564  0.811091 -0.649315  0.980512 -0.279833  0.695432  0.848172  0.918068  0.369954  0.993716
point 45 439 598.835 183.662   0.21007 -0.440443 -0.771311  0.248677  0.368363  0.701957 -0.356199  0.255983  0.100825 -0.172142
point 46 440 551.295 119.874 -0.878088 -0.933482 0.0969003  0.917011 -0.544494  0.419336  0.728103  -0.19381  0.399848  -0.55173
point 47 445 265.133 5.46383 -0.910837 -0.275366 -0.703537 -0.837445 -0.325497  0.783999 -0.315782  0.125994 -0.480445  0.572218
point 48 447  213.04 93.3989  -0.364793  0.0422708  -0.943833  -0.783837   0.251046  -0.854671 -0.0592022   0.547509  -0.692115   0.615301
point 49 449  407.97 139.917 -0.0107875  -0.383813   0.818915  -0.508941 -0.0715201  -0.545878    0.53333 -0.0153535  -0.329715  -0.215624
point 50 456 188.158 189.447  0.199062 -0.585708  0.540179 -0.504498 -0.350252  0.643875 -0.537669 -0.699898 -0.801634 -0.915805
point 51 487 477.385 125.145 -0.831057  0.991676 -0.717482 -0.914122 0.0256946  0.635679  -0.34344 -0.901112  0.335089   -0.1979
point 52 512 167.238 168.283 -0.634193 0.0610135  0.746433  -0.34739  0.580688 -0.910602 -0.255151  0.208403 0.0479094 -0.447927
point 53 516 637.627  157.03   0.163052  -0.589119  -0.796219  -0.826087  -0.149007   0.619725  -0.619639 -0.0248603  -0.834804  -0.548754
point 54 517 533.996 128.474  -0.392342 -0.0411466  -0.824722   -0.50493   0.354429   0.129903 -0.0654435  -0.783899   0.693593  -0.470964
point 55 521 343.146 164.573 -0.820211 -0.330187    0.6289  0.169044 -0.231841 0.0135528 -0.390455 -0.668401 -0.830113 -0.681391
point 56 542 601.634  192.95  -0.699816   0.202288  0.0652163  -0.421103 -0.0936326  0.0222374  -0.859195  -0.386759   0.515837  -0.179949
point 57 549 418.061 225.953  0.758305 -0.410291  0.886595  0.913585 -0.145246  0.286242 0.0399528  0.480044  0.392593  0.750649
point 58 564 127.686 197.095 -0.631889  -0.14868   0.24385 -0.468834 -0.120378  0.500721 -0.465912 -0.957167 -0.767775  0.978964
point 59 569 561.112 182.378 0.0139885 -0.709491  0.344344  0.231644 -0.212543  0.428689  0.428264 -0.548952  0.947083 -0.390259
point 60 579 391.724 72.4676 -0.836834 -0.105862 -0.811195  0.013309  0.998884  0.521594 0.0422509  0.531147  0.221418  0.268636
point 61 582 112.605  196.25 -0.0264319  -0.806796  -0.525327   0.974384   0.165895  0.0992548  -0.452846   0.214262   0.022279   0.736593
point 62 586 370.351 110.866  0.0187167  -0.954867   0.740344   0.218838  -0.310535    -0.1292  -0.717996  0.0859464 -0.0741768   0.739363
point 63 605 170.655 213.278   0.921483   0.479119  -0.389221   0.336127   0.177424  -0.393901 -0.0736098  -0.111088   0.875143   0.118245
point 64 608 60.5661   213.3   0.710472   0.986346 -0.0553367   0.718451  -0.100825    0.67382   0.389862   0.793649   0.140742   0.951503
point 65 612 25.0102 185.729 -0.687846  0.491746  0.186826  0.327141  0.389794  0.991906 -0.890935  0.123171  0.665086  0.546839
point 66 619 101.605 188.266  0.024256  0.927912   0.36761 -0.955498 -0.945418 -0.592501 -0.776592  0.316644   0.55347 -0.315855
point 67 624 31.9076 217.454 -0.00639963    0.660534   -0.733744   -0.661257     0.72882   -0.171122   -0.631969    0.176289    0.743861    -0.60895
point 68 627 376.648 180.939 0.0685669  0.908901  -0.62709 -0.539141 -0.795539  0.340603 -0.816152 0.0334333  0.288366  0.618877
point 69 628  460.65 202.938  -0.68746  -0.15134  0.168139 -0.370447  -0.20573  0.875944   0.60202 -0.388255   0.49264  0.831591
point 70 630 220.142 212.081 -0.0398604 -0.0157242  -0.345779  -0.342176   0.656443 -0.0332394   0.506484  -0.175418   0.596314  -0.699246
point 71 632 129.141 237.842 -0.0882902   0.201696  -0.299839  -0.722891  -0.561019   0.660301   0.261384  0.0932024  -0.681875  -0.082173
point 72 640 589.537 209.961  0.021228  0.748425  0.899615  0.417868  0.161471 -0.369325  0.544621 -0.254505 -0.171559 -0.225329
point 73 668 220.802 163.034 -0.566585  0.812114 -0.780023 -0.429643 -0.499277 -0.173557   0.15871 -0.497373 -0.879109 -0.548088
point 74 704 477.876 168.625 -0.381805  0.123618  0.381841  -0.17697 -0.510319   0.82752  0.555061 -0.942775 -0.503485  0.669169
point 75 711 613.044 206.342  0.111423  0.221559 -0.955967  0.916003  0.943512  0.981186 -0.963091  0.962317 -0.997917  0.531366
point 76 717 335.369 178.422  0.973209  0.656893 -0.909723 -0.257887 -0.357633 -0.704345 -0.648674   0.72541 -0.382137  0.659432
point 77 737 85.6997 205.062 -0.355171  0.119763  0.030104   0.57974 -0.776874  0.113401 -0.858381 0.0912749  0.510062 -0.160752
point 78 740 1.57554 197.684  0.413492  0.772475 -0.960793  0.620993 -0.112076  0.291664  0.679273 -0.457586  0.701523 -0.918115
point 79 749  75.421 196.982 -0.633416  0.235294  0.650902 -0.701771   0.53871 0.0101142  0.731754  0.141226 -0.270936  -0.17257
point 80 778 170.932 225.095 -0.130899 -0.639431 -0.791487  0.728055 -0.534387 -0.883705 -0.385223   0.30321  -0.41933 -0.709572
point 81 803 232.703 144.274 -0.759037  0.987209  0.750335 -0.560071 -0.569532  0.217455 0.0943798  0.791583  -0.27677  0.679391
point 82 809 186.193 178.881  -0.25091 -0.909769 -0.957132 -0.276385 -0.538913  -0.19373  0.834641  0.788711 -0.242036 -0.217299
point 83 817 218.279 193.374  -0.274231   0.523743   0.819922   0.592757   0.627347 -0.0786369  -0.628028   0.598301    0.61455   -0.91909
point 84 822 546.152 223.967    0.74008  -0.224017   0.870749  -0.312672   0.283843  -0.832931   0.715486 0.00146544  -0.302383    0.20907
point 85 823 179.047 137.169 0.0508676 -0.749369 0.0661669  0.733403  0.568444 -0.535874 0.0444659   0.93055 -0.468979 -0.029999
point 86 846 277.725 233.665   0.462907   0.292218   0.401816  -0.864825  -0.924028 -0.0529982  -0.704459  -0.271302  -0.372097   0.223167
point 87 853 588.254 146.459 -0.416059  0.864155 -0.617977 0.0149214  0.121378 -0.710813 -0.332326 -0.405625 -0.789046 -0.729104
point 88 866 245.518 173.819 -0.537161 -0.104235  0.767242 -0.609602  0.661625  -0.24364 -0.144066  0.391348 -0.441663  0.917017
point 89 868 432.005 190.706   0.664433  -0.385111    -0.8638 -0.0188704  -0.655458  -0.400961   0.876895  -0.888216 -0.0105632   0.538519
point 90 897 476.485 189.724  0.236569  0.858017  0.978294  0.576099  0.139594  -0.83104 -0.119346 -0.209869 -0.884639  0.261229
point 91 907 602.238 210.802 -0.741811 -0.931201   -0.8957  0.559219 -0.806746  -0.86264 -0.317569  0.670032 -0.244683 -0.643557
point 92 911 262.215 186.482 -0.982471 -0.385862 -0.778247  0.712827 -0.926006 -0.086434 -0.979104 -0.148568  0.487541 0.0928016
point 93 920 265.136 212.677   -0.9033  0.696812   -0.3423 -0.349221 -0.425908 -0.177421  0.820038 -0.845958  0.999984  -0.53974
point 94 926 232.699 226.887  -0.751589  -0.791486   0.909627  -0.881089 0.00084877  -0.543338  -0.396211  -0.730343  0.0485721   0.563291
point 95 947 457.688 187.455  -0.33514 -0.939474  0.823421 -0.569482 -0.531915  0.907633  0.627697 -0.748802 -0.860526  0.724962
point 96 951 220.376 203.074    0.17166  -0.836515  -0.121397   0.386527   0.220197 0.00337672  -0.998224      0.479  -0.172198  -0.665477
point 97 990 576.544 191.961  0.626775  0.684412  0.858377  0.728922 -0.125648  0.253674  0.554018 -0.745404  0.741505 -0.747587
point 98 996 37.8717 180.958   0.24774  0.514616  0.460844  0.943842   0.65943  -0.88469  -0.11828  0.690014 -0.424729  0.573008

