seq: 119
gt_pose:  2.2881 4.18593  2.9854
odom_pose: 3.15338 3.48776 3.08715
point 0 1  636.45 122.544  0.271423  0.434594 -0.716795  0.213938 -0.967399 -0.514226 -0.725537  0.608353 -0.686642 -0.198111
point 1 63 226.623 200.202  0.200984 -0.740048  -0.83747 -0.244006 -0.726088  0.319755 -0.771082  0.761366  0.164899 -0.578274
point 2 68 79.1347  238.83  0.157625  0.343682 -0.941048  0.511891  0.199413 -0.721998 -0.712117 -0.608204  0.554821  0.688563
point 3 76 429.739 149.062   0.423812  -0.189465  -0.613015   0.675972  -0.690579   0.347296  -0.352297  -0.305607  0.0650283 -0.0855207
point 4 80 51.1308 233.319 0.0646838  0.490017  0.940084  0.917507 -0.822943 -0.958983 -0.893853  0.795766  0.799042 -0.920566
point 5 88 212.557  237.15  -0.242402 0.00367069   0.388182  -0.964005   0.300131    0.23894   0.387384  0.0402366   0.790707   -0.51717
point 6 103 566.402  173.66  0.432399 0.0947199  0.480901 -0.106248 -0.250051  0.116395  0.681608 -0.865075  0.407141 -0.558643
point 7 111 103.569 227.913 0.0644367  0.987055 -0.881673  -0.93987 -0.135097 -0.357907  0.946293 0.0380956  0.226508  0.444753
point 8 145 558.175 237.244  0.566061  0.464277 -0.917448  0.596949  0.344034  0.777599  0.515141 -0.230922  0.660221  0.522057
point 9 166 92.5398  195.86 -0.621197  0.341204 -0.595347  -0.48131 -0.677013  0.267468  -0.71984  0.114963  0.160523 -0.653544
point 10 173   553.6 122.293 -0.555551  0.505941 -0.775258  0.857206  0.211701  0.138847  0.568044 -0.823599  0.181035 -0.308075
point 11 175 42.0706 112.063 -0.380037  0.560814   0.27381 -0.588382  0.719375   0.71826   0.91756  0.944117  0.575466  0.129261
point 12 181 334.878 191.747    0.795082     0.56119   -0.191728   -0.160681   -0.132625    0.814568 0.000130057    0.951868    0.616358   -0.296297
point 13 186 201.331  151.82  -0.363999  -0.404756   0.318223   0.428182    0.88663  -0.927022 -0.0759333   -0.50321   0.105384   0.325761
point 14 189 387.018 224.648   0.944388 -0.0442758  -0.955454  -0.852352 -0.0904063   0.854488   0.702408  -0.431292  -0.388881   0.169044
point 15 192  511.67 166.405   0.489464  0.0764093   0.486326   0.273566  -0.814848   -0.13354 -0.0357851   0.106223   -0.34143  -0.547372
point 16 226 348.432 93.1803 -0.0262535   0.472183   0.547006   0.619006   0.925916   0.482458  -0.940886  -0.826409 -0.0763676   0.436199
point 17 229 493.614 150.863  0.968528 0.0750718  0.272564 -0.717869  0.975184  0.156013  0.476047 -0.371207  0.157548 0.0707208
point 18 233 218.859 232.502  -0.15632  -0.47994  0.154418  0.286783  0.326922 -0.187553 -0.928859  0.178678 -0.890651  0.370347
point 19 251 86.9422 226.086 0.0184095 -0.546839  0.171693 -0.825482 -0.419792 -0.108934 -0.483608  0.234773 -0.109934   0.34957
point 20 275 550.665 78.3213   0.901747 -0.0544072   0.466355  -0.782355 -0.0168586   0.134778   -0.30289   0.424487  -0.571156  -0.142559
point 21 285 343.604 166.039 -0.529223 -0.165898  -0.52311   0.99705  0.954455  0.795794  0.301849  0.604161 -0.386456  0.416842
point 22 321 317.746 180.965   0.121663  -0.697701 -0.0107318  -0.948717   0.957559  0.0248443   0.294227   0.556386   0.789302   0.578873
point 23 322 315.302 186.104 -0.263404  -0.14825  0.480009 -0.741038  0.941419 -0.638511   0.91755  0.927547  0.339667  0.504161
point 24 331 104.744 220.974  -0.372921  -0.232389  -0.275591   0.142657 -0.0831489   0.918033   0.855599  -0.554373   0.771446   0.860145
point 25 333 605.492 180.749  -0.795388   0.472763   0.148521   0.176801  -0.758839     0.7756   0.944412 -0.0344303 -0.0817431  -0.138737
point 26 337 504.607 214.106 -0.150985 -0.239448  0.305884 -0.431382 -0.410502  0.541223 -0.244189  0.381588  0.769753  0.396885
point 27 346  263.49 154.635  -0.538912   0.939179 -0.0289906   -0.78009  -0.168884   0.503105 -0.0277033   0.939853   0.817772   -0.16483
point 28 377 570.944 218.999  0.568992 -0.997484  0.170229 -0.528694 -0.792735  0.792076 -0.393831 -0.986474 0.0327893  0.709821
point 29 402 423.117 210.512    0.299441   -0.266976 -0.00990885    0.981139    0.469097   0.0484805   -0.101318    0.457996    0.989811   -0.327363
point 30 404  405.45 165.907 -0.0413483  -0.928209   0.190487  -0.413969  -0.161721  -0.510072   0.319055    0.82837  -0.528933  -0.211848
point 31 405 262.078 155.212 -0.133339 -0.957614  0.861787   0.68244 -0.169727 0.0519526  0.349148  0.320996  0.499283  0.749431
point 32 406 322.609  201.35  -0.18036  0.902858 -0.698931 -0.527335 -0.859498  0.259721 -0.455544  0.330989  0.845752  0.382735
point 33 450 612.443 16.4103    0.437861    0.226384    0.663394   -0.570037    0.967678    0.514457 -0.00571609   -0.841966    0.862367    0.694664
point 34 453 374.876 236.472  -0.392726   0.341782 -0.0774235  0.0674467   0.322636   -0.57119  -0.867183  -0.240172   0.554532   0.274679
point 35 477 481.863 137.476  0.906963 -0.669358 0.0752866 -0.396006  0.186727 0.0878733  0.698024 -0.767612 -0.336127 -0.615916
point 36 478 366.811 202.718  0.165984 -0.714991  0.503757  0.802579 -0.413575 -0.401238   0.23094  0.139862 -0.403314  0.838118
point 37 495 47.1469 2.01853   0.230124   0.670537  -0.112265   0.448592  -0.477599  -0.655942   0.987854  -0.599509 -0.0770482    0.11251
point 38 499 244.693 193.245    0.87236  -0.425417   0.371344  -0.623066    0.15561 -0.0930542 -0.0853708  -0.210316   0.693174   0.295134
point 39 503 49.6645 200.683    0.29975 -0.0932432   0.709146  -0.997917  -0.167481   0.171158  -0.275397   0.646693   0.976389  -0.948383
point 40 514 34.3532 170.724  0.415944 -0.793552 -0.875854 -0.454529 -0.929115 -0.510046  0.606485  0.817317  0.142564  0.187172
point 41 520  439.74 127.936 -0.292163 -0.870239  0.363799  0.371776  0.863985   0.41306  0.413762  0.135915  0.274392 -0.190288
point 42 539 255.151 168.868  0.846372 0.0731449 -0.951799 -0.665444  0.482183 -0.334989  0.952538 -0.688376  0.229602  0.222713
point 43 544 305.435 200.872  -0.117144  -0.295213   0.686816  -0.137568  -0.727208      0.987  -0.935279   0.338009  -0.434102 -0.0289121
point 44 555 92.4381 232.716   0.285991   0.349291   0.311155  -0.969561 -0.0395061  -0.483023 0.00421429  -0.177247     0.7546  -0.353065
point 45 561 382.561 225.555 -0.901468 -0.321224  0.762173 -0.139413 -0.933921 -0.734849 -0.141754 -0.936109 -0.385877  0.688644
point 46 577 63.9257 231.755  0.332789 -0.971058  0.532263  0.699824 -0.773615 -0.450667  0.779397  0.704055 -0.455899  0.571954
point 47 578 92.146 117.42 -0.0117552   -0.22775   -0.28538   0.229583  -0.744161   0.503275  0.0797361  -0.946488 -0.0893854   0.163092
point 48 585 635.936 186.206 -0.946435   0.62818 -0.120741  0.771118  0.268833  0.396329 -0.560216  -0.68318  0.259331 -0.886926
point 49 596  197.17 193.031   0.054528  -0.489826   0.452922   0.133857 -0.0457281  -0.424836   0.676797  0.0767392   0.583197   0.904953
point 50 599 226.394 178.344  -0.415667   0.256981     0.6962   0.149527   0.053151   0.980456  -0.145336 -0.0911871  -0.117177   0.533821
point 51 610 25.2688 123.793 -0.194921 -0.218076  0.733377   0.67318  0.437774  0.443849  0.659527 -0.617563    0.1623 -0.441298
point 52 616 374.975 228.079   0.825798   0.544241   0.520071   0.393325   -0.98472 -0.0257384  0.0265256     -0.627   0.251381 -0.0168152
point 53 622 216.472 59.2383  -0.437378  -0.970712   0.447469 -0.0850171  -0.976981  0.0142802   0.648431    0.90451  -0.222876  -0.669304
point 54 631 204.609 233.263   -0.806835   0.0299248   -0.664679   -0.036965    0.357343  -0.0920386   -0.261044  0.00946772 -0.00154781   -0.302784
point 55 644 8.05532 102.799   -0.507558   -0.116429   -0.559142 9.65595e-05   -0.172068   -0.776583    0.837145   -0.910866    0.876236    0.424918
point 56 669 390.173 230.561   0.483372   0.656269  -0.716335  -0.468197   0.183675   -0.65684 -0.0689257   0.944908  -0.237626  -0.320682
point 57 674 491.426 231.056  0.854488 -0.774124  0.420991  0.731395 -0.417257 -0.484526  -0.71238  0.153539 -0.124107  0.247022
point 58 689 199.978 172.573   0.868939  -0.460964  -0.495288 -0.0234739   0.727218   0.140046  -0.762902  -0.280592   0.901549   0.901555
point 59 725 243.013 209.682 -0.767085 -0.762353 -0.734667 -0.921648  0.273257  0.394304 -0.850749 -0.751703 -0.462407 -0.225304
point 60 726 152.883 185.167  0.962113  0.510301  0.538267 -0.692595  0.265316  0.622516 -0.779403 -0.892818 -0.886755 -0.855216
point 61 750 106.334 236.829 -0.392994 -0.473673  0.514505  0.252788  0.203432  0.547629 -0.653064  0.753707  0.678124 -0.193348
point 62 769  32.502 181.048 -0.917059  0.713679 -0.601605 -0.289701 -0.308414  0.347654  0.773289  0.551553  0.641881  0.138551
point 63 780 537.121 238.854 -0.986888 -0.215834  -0.31828   0.13573  0.968484  0.550821  0.496299 -0.823003  0.278877  0.961912
point 64 805 91.8858 98.4664  0.358625  0.773204  0.533827 -0.189146  -0.85142   0.77479 -0.201936  0.898915 -0.785281  0.228532
point 65 806 14.5178 230.219     0.8396 -0.0115108  -0.542699  0.0880128  -0.685314  -0.338185   0.367926  -0.372283  0.0861604 -0.0940711
point 66 820 98.2705  200.37  -0.703679  0.0281582   0.717622  -0.469453   0.493584   -0.27851  -0.353201  -0.418663   0.327913 -0.0937847
point 67 826 552.129 171.008   0.520775  -0.210085   0.222426   0.539881   0.942201  -0.437068 -0.0124431   -0.74071   0.769863   0.624211
point 68 830 597.555 160.271   0.847817  -0.354454  -0.921268   0.709636   0.820626   0.175159  -0.892965    0.98546    -0.9085 -0.0294335
point 69 832 325.364 169.288  0.669425  0.965574 -0.356171  0.665518  0.723327 -0.508353 -0.688937  0.802059 -0.798718 -0.868311
point 70 847 394.358 185.066  0.117484  0.480253  0.366144   0.95388 -0.761578 -0.733749 -0.345913 -0.859124 -0.818209  0.193215
point 71 854 259.072 215.889   0.630696   0.140317   0.396989  -0.766425  -0.113419   0.991225 -0.0418938  -0.124469   0.244966   0.945166
point 72 856 271.115 193.855 0.0172131  0.648521  0.409823 -0.612297 -0.543306 0.0405188   0.52802  0.853683  0.274094   -0.5854
point 73 858 246.427 151.569   0.505766   0.228551  -0.159189  -0.116608   0.727327   0.858024  -0.468087    0.13715  -0.754273 -0.0113927
point 74 863 66.4328 170.156  -0.246518   0.316082  -0.100492   0.422176 -0.0457827   0.996911  0.0794767  -0.229979  -0.131938   0.579069
point 75 869 483.378  233.73  0.426482  0.762388 -0.766821 -0.549322 0.0158664 -0.768497  0.556423  -0.89786  0.826175 -0.892971
point 76 877 488.611 100.295 -0.698683  0.876748  0.746952 -0.954643 -0.131184 -0.989386  0.860171 -0.614945  0.406594  0.438314
point 77 916  120.87 201.164   -0.354016    0.235827    0.240315   -0.389806    -0.68944   -0.502793    0.667206    0.272352    0.884415 -0.00677508
point 78 937 220.029 233.016 -0.490627 -0.618222 -0.522979 0.0607089  0.514029 -0.241998  0.143917 -0.239433 -0.278874  0.510661
point 79 953 447.098 126.361  0.0364577   0.555652   0.767362  -0.606662  -0.121735 -0.0609784  -0.443177   0.756868  -0.674452    0.77702
point 80 966 501.074 209.904   0.704319   0.345159  0.0238279   0.561387   0.754055 -0.0416735  -0.728297 -0.0311136   0.726056  -0.582109
point 81 967 112.248 138.678   0.209924 -0.0803279   0.416948   0.951345    0.10881   0.319688   0.554498  -0.358391  -0.745459  -0.432962
point 82 974 56.9639 233.844 -0.481639  0.753411 -0.775592 -0.907704  0.494264 -0.479463 -0.436654   0.45908  0.509917 -0.426881
point 83 993 551.566 90.5912  -0.204167    0.95429  -0.485235   0.731808 -0.0896459   0.364398  -0.274497   0.146474   0.378063  -0.303513
point 84 997 43.1401 204.782   0.957896  -0.947002 -0.0411545   0.833408  -0.436345 0.00909197   0.639122   -0.87136  -0.238784   0.629636

