seq: 18
gt_pose:   3.56783 0.0638916  0.388423
odom_pose:    3.5805 0.0111893  0.359332
point 0 0 615.909 136.566    0.59688   0.823295  -0.604897  -0.329554   0.536459  -0.444451    0.10794 -0.0452059   0.257742  -0.270431
point 1 3 348.417 125.629 -0.199543  0.783059 -0.433371 -0.295083  0.615449  0.838053 -0.860489  0.898654 0.0519907 -0.827888
point 2 15 39.6434 154.562    0.746543    0.662075    0.958868    0.487622    0.806733    0.967191    0.333761 -0.00548297   -0.672064    0.660024
point 3 49 221.985 127.916  -0.689327  -0.414222   0.764408  -0.267944   0.798863   0.495275 -0.0483887  -0.454026   0.893281  -0.755348
point 4 50 285.403 202.296  0.849079 -0.631868 -0.435432 -0.665669 -0.594046   0.25225 -0.647522 -0.746662 -0.544896  0.893849
point 5 61 78.4245 133.658  0.157225  0.472924  0.487454  0.845144 -0.807192  0.575285   0.89287 -0.797039 -0.450207 -0.521358
point 6 71 154.831 161.725  0.180814  0.235164  0.527528  0.548865 -0.431421 -0.846493  0.760017 -0.654556 -0.642027 -0.280428
point 7 75 225.835 199.407 -0.649174 -0.910541  0.919433  0.550115 -0.774071   0.72253 -0.585487  0.988392 0.0722291  0.335817
point 8 79 238.292 193.267 -0.227403 -0.719324 -0.146891  -0.79322  0.200811  0.935388 -0.781533  0.738179 -0.681351  0.605207
point 9 82 203.871 149.049   0.925102 -0.0496722  -0.230982  -0.283529   0.861709   0.833702  -0.793513   0.801793   0.751209  -0.616456
point 10 87 350.519 232.026  0.713652  0.819024 -0.226661  0.912222 -0.651729 -0.624614 -0.505664 -0.279671   0.83479   0.25576
point 11 94 475.805 185.781  -0.72231    0.4106  -0.53487  0.194227  -0.98424  0.638203 -0.053909 0.0454577   0.58184  -0.74639
point 12 115 263.661 63.1016  -0.713552  -0.760832   0.452289   0.493271 -0.0586519  -0.576791   0.926184  -0.470895  -0.468363   0.451542
point 13 120 204.976 125.717 -0.976509  0.160097  0.687787 -0.546377  0.630587  0.577181 -0.664703  0.282376 -0.906305  0.312197
point 14 130 25.8359 159.206  0.785443  0.260849   0.01511  0.994105  0.497101 -0.288984   0.96396 -0.910018 -0.472767 -0.530971
point 15 134 48.9989  119.62 -0.320536  0.102604  0.432494  0.855246  0.693223 -0.335636  0.925274  0.769087  0.588494 -0.809611
point 16 140  135.75 159.118 -0.484123 -0.101959  0.631811  0.100988  0.821452 -0.758332  0.377152 -0.607818 -0.358456  0.887305
point 17 161 54.5215  139.89    0.453149    0.935137 -0.00940692   -0.434331   -0.399451   -0.794634   -0.422087   -0.299585   0.0521224    0.621582
point 18 162 385.912 178.761 -0.594425  0.268688 0.0260472 -0.746842  0.114005 -0.975397  0.601416 -0.740525 -0.641723  0.168242
point 19 170 128.349 234.773  0.130379 -0.347084  0.229718  0.134605  0.786518 -0.196228 -0.872535  0.736948  0.437662  0.714286
point 20 177 540.047 172.681  -0.717587  -0.140497  -0.501465   0.421614   0.126526   0.118498 -0.0175725  -0.599664   0.530116  -0.298198
point 21 185 440.405 122.713 0.0807773 -0.583649 -0.526938  0.331644 -0.266434   0.87263 -0.659558  0.891217 -0.216417 -0.144001
point 22 212 639.533 211.769 -0.385007 -0.088598 0.0258124 -0.978766 -0.212103  0.734254  0.654536  0.351319 -0.960711  0.843623
point 23 215 608.763 153.173  0.989019 -0.556826  0.887201 0.0451766 -0.417049  0.390079  0.847789 -0.166499 -0.653929 -0.229998
point 24 244 242.269 195.319 0.0431653 -0.895202  0.513693  0.624011 -0.858383  0.717789 -0.366397  0.305536  0.155797  0.253145
point 25 276 267.282 239.493   0.531855  -0.683572  0.0752114 -0.0770754   0.254499 -0.0478764   0.292591  -0.635768  -0.449296    0.73695
point 26 289 521.551 161.171  0.878587 -0.488343  0.344356   0.95008 -0.844064  0.895788 -0.712365 -0.433216   0.99932 -0.314474
point 27 317 526.311 236.408   0.560374 -0.0674934  -0.608337  -0.138194   0.668519  -0.451483   0.501359   0.724185   0.656654  -0.863779
point 28 325 142.427 168.084 -0.204606 -0.293611 -0.620574  0.119343  0.210311 -0.342854  -0.26259 -0.476689 -0.585566 -0.981845
point 29 340 277.902  140.48  0.427898 -0.388001 -0.687436 -0.101055  0.798478 -0.135643 -0.687554 -0.449847  0.534066  -0.36603
point 30 341 319.542 219.471   -0.722288     0.11791     0.30695   -0.338545    0.284443   -0.383251   -0.817473   -0.673885    0.819384 -0.00643522
point 31 343 37.385  215.2 -0.0194843  -0.958109  -0.362872  -0.836531  -0.210987 -0.0851599   0.281379  -0.904037   0.576295  -0.434178
point 32 348 447.877 199.875    0.85717  0.0853071   -0.75142   0.230527   0.343604  -0.290332   0.169706  -0.685386 -0.0704218  -0.999179
point 33 357 177.674 235.634  0.367889 -0.232975  0.484243  0.430981  0.551726 -0.108414  0.324477  0.729628  0.439443  -0.23825
point 34 372 556.203 213.882 -0.202965  0.887581 -0.019486 -0.533325  0.958634  0.614818 -0.650272 -0.993072 -0.402612   0.23255
point 35 386 9.59799 219.446 -0.0480225  -0.243244   0.302182   0.432484   0.988756  -0.113412  -0.456119  -0.656867  0.0728633  0.0542915
point 36 390 243.454  232.28  0.321336 0.0155724  0.254602  -0.56322  0.335345   0.86228  0.298069  0.159584 -0.579669   0.43009
point 37 396   154.1 77.2132  0.246289 -0.734244  0.857687  0.711649 -0.396586 -0.335372 -0.788246 -0.406796  0.361242  0.623127
point 38 401 273.988 215.733 0.00207019   0.543219   0.280851  -0.486941  -0.577524   0.189369   0.647174   0.824618  -0.911852  -0.581235
point 39 407  331.18 223.815  -0.708016   0.952959  -0.912045   0.661734  -0.800893 -0.0453834   0.704121  -0.939105  -0.362943  -0.465606
point 40 411 28.3389 228.143  0.464326  0.927597  0.861715  0.970264  0.403908  -0.56554  0.858937 -0.298863 -0.827988 -0.041285
point 41 418 360.372 227.923  -0.920895 -0.0143145   0.299817  -0.641617   0.896507   0.764454   0.970399  -0.759259  -0.629835    0.61629
point 42 427 385.755 173.912   0.722535   0.901922   0.258614  -0.405867 -0.0975846   0.818708   0.221926  -0.723734  -0.657121   0.658118
point 43 442 604.575 229.658 -0.192771  0.606247 -0.693634 -0.378346  0.571451 -0.571722 -0.311828 -0.331648  -0.65471  0.143678
point 44 449 6.69624 130.758 -0.0107875  -0.383813   0.818915  -0.508941 -0.0715201  -0.545878    0.53333 -0.0153535  -0.329715  -0.215624
point 45 456 311.314 161.628  0.199062 -0.585708  0.540179 -0.504498 -0.350252  0.643875 -0.537669 -0.699898 -0.801634 -0.915805
point 46 487 25.5995 161.896 -0.831057  0.991676 -0.717482 -0.914122 0.0256946  0.635679  -0.34344 -0.901112  0.335089   -0.1979
point 47 512 325.448 145.557 -0.634193 0.0610135  0.746433  -0.34739  0.580688 -0.910602 -0.255151  0.208403 0.0479094 -0.447927
point 48 516 50.6863 211.844   0.163052  -0.589119  -0.796219  -0.826087  -0.149007   0.619725  -0.619639 -0.0248603  -0.834804  -0.548754
point 49 521 123.011 184.455 -0.820211 -0.330187    0.6289  0.169044 -0.231841 0.0135528 -0.390455 -0.668401 -0.830113 -0.681391
point 50 533 533.134 38.1798  -0.689763  -0.197455   0.600062  -0.265944  -0.730354   -0.73325   0.596232  -0.258049   0.675264 -0.0269231
point 51 564 322.561 202.264 -0.631889  -0.14868   0.24385 -0.468834 -0.120378  0.500721 -0.465912 -0.957167 -0.767775  0.978964
point 52 582 448.867 170.748 -0.0264319  -0.806796  -0.525327   0.974384   0.165895  0.0992548  -0.452846   0.214262   0.022279   0.736593
point 53 588 494.365 202.513 -0.248526 0.0802202 -0.411392 -0.617169  0.572425  0.607324 -0.572037   0.31277 -0.173838  0.117428
point 54 604  511.31 231.345  0.318233 -0.911661 -0.902517  0.509487 -0.652275 -0.812441   0.23456 0.0717087 0.0110886 -0.591692
point 55 605 277.505 217.173   0.921483   0.479119  -0.389221   0.336127   0.177424  -0.393901 -0.0736098  -0.111088   0.875143   0.118245
point 56 608 470.222 206.562   0.710472   0.986346 -0.0553367   0.718451  -0.100825    0.67382   0.389862   0.793649   0.140742   0.951503
point 57 612 486.325 179.254 -0.687846  0.491746  0.186826  0.327141  0.389794  0.991906 -0.890935  0.123171  0.665086  0.546839
point 58 619 433.061 168.865  0.024256  0.927912   0.36761 -0.955498 -0.945418 -0.592501 -0.776592  0.316644   0.55347 -0.315855
point 59 621 416.992 184.861   0.824422 -0.0906923  -0.947024  -0.230851   0.234043  0.0772321   -0.30294  -0.398348   0.121735  -0.248358
point 60 624 442.338 217.951 -0.00639963    0.660534   -0.733744   -0.661257     0.72882   -0.171122   -0.631969    0.176289    0.743861    -0.60895
point 61 630 225.926 219.037 -0.0398604 -0.0157242  -0.345779  -0.342176   0.656443 -0.0332394   0.506484  -0.175418   0.596314  -0.699246
point 62 632 403.385 236.829 -0.0882902   0.201696  -0.299839  -0.722891  -0.561019   0.660301   0.261384  0.0932024  -0.681875  -0.082173
point 63 646 521.461 182.507 -0.336279  0.631708  0.785692  0.782272  0.374045 -0.721866 -0.334157  0.814903  0.278231  0.493775
point 64 668 235.542 160.427 -0.566585  0.812114 -0.780023 -0.429643 -0.499277 -0.173557   0.15871 -0.497373 -0.879109 -0.548088
point 65 675 4.71974 179.702  -0.0972679    0.828181    0.731951    0.196139   -0.145513   -0.738751   -0.126487    0.814004 -0.00273544   -0.562518
point 66 698 574.945 213.737  0.346829 -0.458656  0.423486   0.41353  0.468733  0.543114 -0.889143  -0.39619 -0.120481  -0.96802
point 67 717 58.8832 148.176  0.973209  0.656893 -0.909723 -0.257887 -0.357633 -0.704345 -0.648674   0.72541 -0.382137  0.659432
point 68 737 398.057  203.02 -0.355171  0.119763  0.030104   0.57974 -0.776874  0.113401 -0.858381 0.0912749  0.510062 -0.160752
point 69 740 427.927 205.765  0.413492  0.772475 -0.960793  0.620993 -0.112076  0.291664  0.679273 -0.457586  0.701523 -0.918115
point 70 749 324.698 212.866 -0.633416  0.235294  0.650902 -0.701771   0.53871 0.0101142  0.731754  0.141226 -0.270936  -0.17257
point 71 753 567.371 170.045  0.584269  0.492711  0.216855 -0.947888 -0.740223  0.886141  0.118079 -0.157403  0.736354  0.538963
point 72 754 513.058 169.734 0.0396359  0.446079 -0.307351 -0.980977  0.211523 -0.496387  0.825841  0.690852  0.306763 -0.330148
point 73 768 541.091 147.453 0.0649189 -0.179069  0.213072  0.375913 -0.723676  0.258259 -0.208918   0.43046  0.730665  0.656339
point 74 778 327.345 219.177 -0.130899 -0.639431 -0.791487  0.728055 -0.534387 -0.883705 -0.385223   0.30321  -0.41933 -0.709572
point 75 789 575.796 174.405  -0.672385  0.0151979    0.61662 -0.0239043    0.12962  -0.610402  -0.735357   0.041696 0.00120044   0.342414
point 76 803 209.772 191.489 -0.759037  0.987209  0.750335 -0.560071 -0.569532  0.217455 0.0943798  0.791583  -0.27677  0.679391
point 77 804 81.5078 159.609 -0.795487 -0.720086 -0.686969 -0.575654  0.538002  0.703765 -0.111635  0.464928  -0.56808  0.136501
point 78 809 293.488 162.563  -0.25091 -0.909769 -0.957132 -0.276385 -0.538913  -0.19373  0.834641  0.788711 -0.242036 -0.217299
point 79 817 239.118 191.041  -0.274231   0.523743   0.819922   0.592757   0.627347 -0.0786369  -0.628028   0.598301    0.61455   -0.91909
point 80 823 249.853  176.33 0.0508676 -0.749369 0.0661669  0.733403  0.568444 -0.535874 0.0444659   0.93055 -0.468979 -0.029999
point 81 839 566.537 202.961  0.0018822  -0.219462  -0.828347  -0.864169  -0.211725  0.0753521 -0.0938888    0.27916   0.733188   0.114781
point 82 846 133.882 225.608   0.462907   0.292218   0.401816  -0.864825  -0.924028 -0.0529982  -0.704459  -0.271302  -0.372097   0.223167
point 83 866 208.384 157.342 -0.537161 -0.104235  0.767242 -0.609602  0.661625  -0.24364 -0.144066  0.391348 -0.441663  0.917017
point 84 872 102.232 166.276  0.428111  0.847718  0.069445  0.499486 -0.433084  0.781935 -0.485582 -0.286674 -0.850318 -0.929226
point 85 886 90.2644 40.4379 -0.362087 -0.842118 -0.468483 0.0544382  0.335238  0.985881  0.903623  0.868435 -0.725138 -0.841041
point 86 892 428.817 42.4745   0.314044  -0.894541  -0.715906   0.712615   -0.72064   0.685969  -0.680273   0.160772   0.851594 -0.0349736
point 87 898 292.175 227.406  0.813511 -0.610904  0.266864 0.0363978 0.0707968 -0.301128  0.532009 -0.522292 -0.116626  0.448443
point 88 911 185.773 177.892 -0.982471 -0.385862 -0.778247  0.712827 -0.926006 -0.086434 -0.979104 -0.148568  0.487541 0.0928016
point 89 920 170.998 187.167   -0.9033  0.696812   -0.3423 -0.349221 -0.425908 -0.177421  0.820038 -0.845958  0.999984  -0.53974
point 90 926 231.047 220.962  -0.751589  -0.791486   0.909627  -0.881089 0.00084877  -0.543338  -0.396211  -0.730343  0.0485721   0.563291
point 91 939 221.184 149.844 -0.426205 -0.741321  0.567446  0.887447  0.205347 -0.923181 -0.730775  0.682368  0.137528  0.783253
point 92 951 227.005 210.978    0.17166  -0.836515  -0.121397   0.386527   0.220197 0.00337672  -0.998224      0.479  -0.172198  -0.665477
point 93 969 609.468 239.835   0.640871  0.0417306   0.977486  -0.131368   0.487326    0.18741   0.788304 -0.0957257   0.138754  -0.102886
point 94 996 493.003 168.331   0.24774  0.514616  0.460844  0.943842   0.65943  -0.88469  -0.11828  0.690014 -0.424729  0.573008

