seq: 23
gt_pose:  4.08799 0.703654  1.38877
odom_pose:  4.13753 0.634739  1.34335
point 0 7 45.4934  95.155   -0.12088    0.84794  -0.203127   0.629534   0.368437   0.821944 -0.0350187   -0.56835   0.900505   0.840256
point 1 20 509.765  208.73 -0.485469 0.0648819 -0.824713 -0.479006  0.754768   0.37225  -0.81252 -0.777449 -0.276798  0.153381
point 2 21 78.1236 163.249  0.551535 -0.423241 -0.340716 -0.620498  0.968726 -0.992843  0.654782 -0.337042 -0.623598 -0.127006
point 3 36 86.5186 231.686 -0.198582 -0.275691  0.437734  0.603793  0.355625 -0.694248 -0.934215 -0.872879  0.371444 -0.624767
point 4 37  170.24 222.165 -0.997749 -0.988582 -0.389522 -0.476859  0.310736   0.71511 -0.637678 -0.317291  0.334681  0.758019
point 5 39 107.432 143.883  -0.533762   0.853152   0.102886    0.86684 -0.0111862   0.105137   0.878258   0.599291   0.628277   0.188995
point 6 49 436.96 85.561  -0.689327  -0.414222   0.764408  -0.267944   0.798863   0.495275 -0.0483887  -0.454026   0.893281  -0.755348
point 7 50 562.857 165.561  0.849079 -0.631868 -0.435432 -0.665669 -0.594046   0.25225 -0.647522 -0.746662 -0.544896  0.893849
point 8 53 230.479 196.954  0.778687  0.293424 -0.317035 -0.899664  0.533402   0.60666  0.397426  0.363843  0.808374 -0.374121
point 9 61 326.161  165.39  0.157225  0.472924  0.487454  0.845144 -0.807192  0.575285   0.89287 -0.797039 -0.450207 -0.521358
point 10 71  367.02 170.381  0.180814  0.235164  0.527528  0.548865 -0.431421 -0.846493  0.760017 -0.654556 -0.642027 -0.280428
point 11 75 440.161 184.784 -0.649174 -0.910541  0.919433  0.550115 -0.774071   0.72253 -0.585487  0.988392 0.0722291  0.335817
point 12 76 99.9206 179.982   0.423812  -0.189465  -0.613015   0.675972  -0.690579   0.347296  -0.352297  -0.305607  0.0650283 -0.0855207
point 13 77 210.264 230.861 0.0822792 -0.988314 -0.462632 -0.616739  0.386741 -0.111805  -0.52728  0.306173  -0.56169 -0.301352
point 14 79 453.067 176.603 -0.227403 -0.719324 -0.146891  -0.79322  0.200811  0.935388 -0.781533  0.738179 -0.681351  0.605207
point 15 82 411.041 132.077   0.925102 -0.0496722  -0.230982  -0.283529   0.861709   0.833702  -0.793513   0.801793   0.751209  -0.616456
point 16 89 253.692 232.478  0.576463 -0.646687 -0.349646 -0.331968  0.275812 -0.635994 -0.512945 -0.950849 -0.723773 -0.164673
point 17 103 166.396 222.478  0.432399 0.0947199  0.480901 -0.106248 -0.250051  0.116395  0.681608 -0.865075  0.407141 -0.558643
point 18 106 274.695 235.559 -0.209368  0.978966 0.0665052 -0.121585  0.435557  0.159531 -0.183166   -0.9717  0.497884 -0.109531
point 19 120 421.209 74.7326 -0.976509  0.160097  0.687787 -0.546377  0.630587  0.577181 -0.664703  0.282376 -0.906305  0.312197
point 20 134 311.342 157.196 -0.320536  0.102604  0.432494  0.855246  0.693223 -0.335636  0.925274  0.769087  0.588494 -0.809611
point 21 140 353.621 166.956 -0.484123 -0.101959  0.631811  0.100988  0.821452 -0.758332  0.377152 -0.607818 -0.358456  0.887305
point 22 158 193.771 112.539  0.488299  0.432182  0.321931 -0.322143 -0.115444 -0.402603 -0.770812  0.189775  0.966994 -0.605677
point 23 161 316.419 173.766    0.453149    0.935137 -0.00940692   -0.434331   -0.399451   -0.794634   -0.422087   -0.299585   0.0521224    0.621582
point 24 170 348.194 235.226  0.130379 -0.347084  0.229718  0.134605  0.786518 -0.196228 -0.872535  0.736948  0.437662  0.714286
point 25 189 41.2044 225.699   0.944388 -0.0442758  -0.955454  -0.852352 -0.0904063   0.854488   0.702408  -0.431292  -0.388881   0.169044
point 26 222 432.986 235.252   -0.663549    0.948795   -0.913171   -0.458395    0.490343   -0.710418 -0.00764436    0.520445    0.393025   -0.477797
point 27 226 49.4869  139.77 -0.0262535   0.472183   0.547006   0.619006   0.925916   0.482458  -0.940886  -0.826409 -0.0763676   0.436199
point 28 229 144.729 203.093  0.968528 0.0750718  0.272564 -0.717869  0.975184  0.156013  0.476047 -0.371207  0.157548 0.0707208
point 29 244 461.357 176.525 0.0431653 -0.895202  0.513693  0.624011 -0.858383  0.717789 -0.366397  0.305536  0.155797  0.253145
point 30 276 531.322 239.022   0.531855  -0.683572  0.0752114 -0.0770754   0.254499 -0.0478764   0.292591  -0.635768  -0.449296    0.73695
point 31 300 507.035 180.532 -0.147008 -0.647242 -0.665643 -0.222325 -0.213665   0.79087  0.982304 -0.532886 -0.852502  0.031942
point 32 304 160.282 108.247  0.510067 -0.563739 -0.407935 -0.382448  0.990447  -0.20944  0.699701   0.53523 -0.538621  -0.42421
point 33 315  228.72 191.659 -0.843146 -0.360448 -0.944335  0.108137 -0.365138  0.172273 -0.559957  0.791802 -0.721849  0.909408
point 34 320 199.109 231.749     -0.11852     0.658588     0.986127   -0.0218225     0.586611     0.160737   -0.0157173 -0.000238776     0.189437     0.294118
point 35 325 353.937 151.309 -0.204606 -0.293611 -0.620574  0.119343  0.210311 -0.342854  -0.26259 -0.476689 -0.585566 -0.981845
point 36 340 555.375 39.1904  0.427898 -0.388001 -0.687436 -0.101055  0.798478 -0.135643 -0.687554 -0.449847  0.534066  -0.36603
point 37 343 306.405  223.27 -0.0194843  -0.958109  -0.362872  -0.836531  -0.210987 -0.0851599   0.281379  -0.904037   0.576295  -0.434178
point 38 357 383.878 235.771  0.367889 -0.232975  0.484243  0.430981  0.551726 -0.108414  0.324477  0.729628  0.439443  -0.23825
point 39 390 463.053 228.985  0.321336 0.0155724  0.254602  -0.56322  0.335345   0.86228  0.298069  0.159584 -0.579669   0.43009
point 40 395 483.078  234.57  -0.700252   0.116726  -0.935986   0.958906   0.900746   0.622397  0.0481548  -0.379435 -0.0840818 0.00169671
point 41 396 365.529 56.4455  0.246289 -0.734244  0.857687  0.711649 -0.396586 -0.335372 -0.788246 -0.406796  0.361242  0.623127
point 42 401 531.879 195.788 0.00207019   0.543219   0.280851  -0.486941  -0.577524   0.189369   0.647174   0.824618  -0.911852  -0.581235
point 43 402 97.9639  221.12    0.299441   -0.266976 -0.00990885    0.981139    0.469097   0.0484805   -0.101318    0.457996    0.989811   -0.327363
point 44 404 69.1635 179.758 -0.0413483  -0.928209   0.190487  -0.413969  -0.161721  -0.510072   0.319055    0.82837  -0.528933  -0.211848
point 45 447 416.828 186.728  -0.364793  0.0422708  -0.943833  -0.783837   0.251046  -0.854671 -0.0592022   0.547509  -0.692115   0.615301
point 46 450 174.809  187.86    0.437861    0.226384    0.663394   -0.570037    0.967678    0.514457 -0.00571609   -0.841966    0.862367    0.694664
point 47 453 0.782505  235.923  -0.392726   0.341782 -0.0774235  0.0674467   0.322636   -0.57119  -0.867183  -0.240172   0.554532   0.274679
point 48 454 31.4045 70.1489 -0.896303  0.966829  0.650354 -0.445509  0.621863  0.735537  0.789661 -0.593126  0.431804  0.356717
point 49 458 205.133 207.362 -0.789868  0.198694 -0.779928  0.349745   0.55264  0.419134  0.764037 0.0928183  0.914636 -0.586214
point 50 478 23.6474 204.976  0.165984 -0.714991  0.503757  0.802579 -0.413575 -0.401238   0.23094  0.139862 -0.403314  0.838118
point 51 520 117.458 182.613 -0.292163 -0.870239  0.363799  0.371776  0.863985   0.41306  0.413762  0.135915  0.274392 -0.190288
point 52 521 347.584 195.495 -0.820211 -0.330187    0.6289  0.169044 -0.231841 0.0135528 -0.390455 -0.668401 -0.830113 -0.681391
point 53 526 484.984 172.994 -0.250017  0.957943 -0.319496 -0.821494 -0.234222  0.422569  0.925639  -0.92369 -0.550291  0.875723
point 54 561 27.0167 225.366 -0.901468 -0.321224  0.762173 -0.139413 -0.933921 -0.734849 -0.141754 -0.936109 -0.385877  0.688644
point 55 581 283.156 239.336 -0.682051 -0.490977 -0.294158  0.970024 -0.958249 -0.130992 -0.135839 -0.769444  0.882317 -0.136955
point 56 590 503.355 178.545  -0.494789  -0.938953   0.676128   0.472358 -0.0331016  -0.572397  -0.447422   0.555506  -0.189567  -0.874997
point 57 603 254.303 158.717   0.99532  0.590263  0.711488  0.269044 -0.808145  0.399902 -0.867165  0.794583 -0.559657  0.663432
point 58 605 541.267 197.306   0.921483   0.479119  -0.389221   0.336127   0.177424  -0.393901 -0.0736098  -0.111088   0.875143   0.118245
point 59 616 2.20489 226.338   0.825798   0.544241   0.520071   0.393325   -0.98472 -0.0257384  0.0265256     -0.627   0.251381 -0.0168152
point 60 627 247.216 167.294 0.0685669  0.908901  -0.62709 -0.539141 -0.795539  0.340603 -0.816152 0.0334333  0.288366  0.618877
point 61 630  436.25 213.117 -0.0398604 -0.0157242  -0.345779  -0.342176   0.656443 -0.0332394   0.506484  -0.175418   0.596314  -0.699246
point 62 668 453.765  127.21 -0.566585  0.812114 -0.780023 -0.429643 -0.499277 -0.173557   0.15871 -0.497373 -0.879109 -0.548088
point 63 669 96.4892 235.257   0.483372   0.656269  -0.716335  -0.468197   0.183675   -0.65684 -0.0689257   0.944908  -0.237626  -0.320682
point 64 717 316.729 176.979  0.973209  0.656893 -0.909723 -0.257887 -0.357633 -0.704345 -0.648674   0.72541 -0.382137  0.659432
point 65 730 453.214  207.34  0.766776  0.396829  0.840847   0.82631  0.536854 -0.223963  -0.33946 -0.491219 -0.120748  0.987415
point 66 765 542.886 165.184 -0.977869 -0.175112  0.562752 -0.557891 -0.397598 -0.297596   0.55069 -0.193119  0.434501  0.946034
point 67 803 414.532 184.843 -0.759037  0.987209  0.750335 -0.560071 -0.569532  0.217455 0.0943798  0.791583  -0.27677  0.679391
point 68 804 315.155 166.716 -0.795487 -0.720086 -0.686969 -0.575654  0.538002  0.703765 -0.111635  0.464928  -0.56808  0.136501
point 69 809 618.971 54.4938  -0.25091 -0.909769 -0.957132 -0.276385 -0.538913  -0.19373  0.834641  0.788711 -0.242036 -0.217299
point 70 817 459.978 168.789  -0.274231   0.523743   0.819922   0.592757   0.627347 -0.0786369  -0.628028   0.598301    0.61455   -0.91909
point 71 823 472.366 147.128 0.0508676 -0.749369 0.0661669  0.733403  0.568444 -0.535874 0.0444659   0.93055 -0.468979 -0.029999
point 72 846 351.013 226.058   0.462907   0.292218   0.401816  -0.864825  -0.924028 -0.0529982  -0.704459  -0.271302  -0.372097   0.223167
point 73 847 82.4125 205.064  0.117484  0.480253  0.366144   0.95388 -0.761578 -0.733749 -0.345913 -0.859124 -0.818209  0.193215
point 74 866 417.279 137.361 -0.537161 -0.104235  0.767242 -0.609602  0.661625  -0.24364 -0.144066  0.391348 -0.441663  0.917017
point 75 874 560.629 209.339  -0.87658  0.255803 -0.697976  0.864108  0.262599  0.730135  0.711826 -0.667956  0.229621 -0.721258
point 76 877 144.459 187.962 -0.698683  0.876748  0.746952 -0.954643 -0.131184 -0.989386  0.860171 -0.614945  0.406594  0.438314
point 77 878 20.3416 220.807  -0.965168  0.0160025  -0.959596  0.0446268 -0.0244993   0.471784   0.384076  -0.125848  -0.745689  -0.576388
point 78 886 312.176 23.9681 -0.362087 -0.842118 -0.468483 0.0544382  0.335238  0.985881  0.903623  0.868435 -0.725138 -0.841041
point 79 905  219.15 77.9276  -0.96694  0.123211  0.476778 -0.382044  0.674013  0.280002 -0.834053  0.652308 0.0661361   0.15474
point 80 910 178.043 133.041   -0.931117     0.63372    0.456095 -0.00985324    0.642471    0.472266   0.0661508    0.592692     0.77206    0.363984
point 81 911 392.431 172.304 -0.982471 -0.385862 -0.778247  0.712827 -0.926006 -0.086434 -0.979104 -0.148568  0.487541 0.0928016
point 82 920 380.136 181.338   -0.9033  0.696812   -0.3423 -0.349221 -0.425908 -0.177421  0.820038 -0.845958  0.999984  -0.53974
point 83 926 451.709 212.026  -0.751589  -0.791486   0.909627  -0.881089 0.00084877  -0.543338  -0.396211  -0.730343  0.0485721   0.563291
point 84 939  486.16 21.4131 -0.426205 -0.741321  0.567446  0.887447  0.205347 -0.923181 -0.730775  0.682368  0.137528  0.783253
point 85 951 438.079 202.363    0.17166  -0.836515  -0.121397   0.386527   0.220197 0.00337672  -0.998224      0.479  -0.172198  -0.665477
point 86 953 115.041 172.954  0.0364577   0.555652   0.767362  -0.606662  -0.121735 -0.0609784  -0.443177   0.756868  -0.674452    0.77702
point 87 968 83.7665 117.598  0.0707698  -0.385812  0.0864311  -0.069716    0.93266   -0.20925  -0.724557 -0.0435116  -0.647863  -0.970503
point 88 972 178.244 177.935  -0.703872   -0.52895   0.964815 -0.0106197  -0.990227  -0.556681   -0.75033  -0.302126  -0.698704   0.704034
point 89 997 34.8817 229.794   0.957896  -0.947002 -0.0411545   0.833408  -0.436345 0.00909197   0.639122   -0.87136  -0.238784   0.629636

