seq: 29
gt_pose: 4.22923 1.89719 1.45456
odom_pose: 4.37772 1.77115 1.34605
point 0 15 326.584 173.702    0.746543    0.662075    0.958868    0.487622    0.806733    0.967191    0.333761 -0.00548297   -0.672064    0.660024
point 1 37 96.9151 210.929 -0.997749 -0.988582 -0.389522 -0.476859  0.310736   0.71511 -0.637678 -0.317291  0.334681  0.758019
point 2 39 36.5571 103.541  -0.533762   0.853152   0.102886    0.86684 -0.0111862   0.105137   0.878258   0.599291   0.628277   0.188995
point 3 53 194.848 169.843  0.778687  0.293424 -0.317035 -0.899664  0.533402   0.60666  0.397426  0.363843  0.808374 -0.374121
point 4 61 344.778 139.567  0.157225  0.472924  0.487454  0.845144 -0.807192  0.575285   0.89287 -0.797039 -0.450207 -0.521358
point 5 71 400.596 145.168  0.180814  0.235164  0.527528  0.548865 -0.431421 -0.846493  0.760017 -0.654556 -0.642027 -0.280428
point 6 75 606.757 120.561 -0.649174 -0.910541  0.919433  0.550115 -0.774071   0.72253 -0.585487  0.988392 0.0722291  0.335817
point 7 76 67.9989 167.054   0.423812  -0.189465  -0.613015   0.675972  -0.690579   0.347296  -0.352297  -0.305607  0.0650283 -0.0855207
point 8 77 172.055 226.065 0.0822792 -0.988314 -0.462632 -0.616739  0.386741 -0.111805  -0.52728  0.306173  -0.56169 -0.301352
point 9 79 570.698 130.568 -0.227403 -0.719324 -0.146891  -0.79322  0.200811  0.935388 -0.781533  0.738179 -0.681351  0.605207
point 10 82 509.981 41.6834   0.925102 -0.0496722  -0.230982  -0.283529   0.861709   0.833702  -0.793513   0.801793   0.751209  -0.616456
point 11 89 239.712 228.761  0.576463 -0.646687 -0.349646 -0.331968  0.275812 -0.635994 -0.512945 -0.950849 -0.723773 -0.164673
point 12 96 496.247  201.76  0.453692 -0.388025  0.291288 -0.691717 -0.819741  0.568978  0.718883 -0.354611 -0.236795  0.734643
point 13 103 140.581 217.701  0.432399 0.0947199  0.480901 -0.106248 -0.250051  0.116395  0.681608 -0.865075  0.407141 -0.558643
point 14 106 275.408 233.982 -0.209368  0.978966 0.0665052 -0.121585  0.435557  0.159531 -0.183166   -0.9717  0.497884 -0.109531
point 15 130 321.339 180.422  0.785443  0.260849   0.01511  0.994105  0.497101 -0.288984   0.96396 -0.910018 -0.472767 -0.530971
point 16 134 325.913  111.14 -0.320536  0.102604  0.432494  0.855246  0.693223 -0.335636  0.925274  0.769087  0.588494 -0.809611
point 17 140 397.545 116.983 -0.484123 -0.101959  0.631811  0.100988  0.821452 -0.758332  0.377152 -0.607818 -0.358456  0.887305
point 18 157 302.95 237.31 0.00991201   0.131362   0.639576   0.485604   -0.73967  -0.962024   0.252202   0.606869  -0.722665   0.500674
point 19 161  331.83 149.993    0.453149    0.935137 -0.00940692   -0.434331   -0.399451   -0.794634   -0.422087   -0.299585   0.0521224    0.621582
point 20 170 397.189 230.956  0.130379 -0.347084  0.229718  0.134605  0.786518 -0.196228 -0.872535  0.736948  0.437662  0.714286
point 21 222 497.309 233.265   -0.663549    0.948795   -0.913171   -0.458395    0.490343   -0.710418 -0.00764436    0.520445    0.393025   -0.477797
point 22 229 118.675 194.311  0.968528 0.0750718  0.272564 -0.717869  0.975184  0.156013  0.476047 -0.371207  0.157548 0.0707208
point 23 232 435.545 237.844   -0.11467  -0.350817   0.404875  -0.315297  -0.899491 -0.0523909    0.82812   0.731313  -0.953354 -0.0413691
point 24 244 610.789 119.825 0.0431653 -0.895202  0.513693  0.624011 -0.858383  0.717789 -0.366397  0.305536  0.155797  0.253145
point 25 275  147.92 168.554   0.901747 -0.0544072   0.466355  -0.782355 -0.0168586   0.134778   -0.30289   0.424487  -0.571156  -0.142559
point 26 297 487.964 184.549   0.542774 -0.0962413   0.818657  -0.279616   0.133807   0.503108   0.760041   0.819276  -0.137606  -0.119566
point 27 300 612.747 152.467 -0.147008 -0.647242 -0.665643 -0.222325 -0.213665   0.79087  0.982304 -0.532886 -0.852502  0.031942
point 28 304  59.914 6.42499  0.510067 -0.563739 -0.407935 -0.382448  0.990447  -0.20944  0.699701   0.53523 -0.538621  -0.42421
point 29 310 308.079 172.044  0.589489  0.178854 -0.651341 -0.814686  0.653497 -0.212735 -0.855611 -0.342811  0.796955 -0.619376
point 30 315 133.604 124.798 -0.843146 -0.360448 -0.944335  0.108137 -0.365138  0.172273 -0.559957  0.791802 -0.721849  0.909408
point 31 320 172.619 228.769     -0.11852     0.658588     0.986127   -0.0218225     0.586611     0.160737   -0.0157173 -0.000238776     0.189437     0.294118
point 32 343 318.25 213.26 -0.0194843  -0.958109  -0.362872  -0.836531  -0.210987 -0.0851599   0.281379  -0.904037   0.576295  -0.434178
point 33 344 20.0253 231.596  -0.467904  -0.247613   0.108737  -0.685334   0.862874   0.784842  -0.350078  -0.368495   0.676061 -0.0805489
point 34 357 424.455 234.187  0.367889 -0.232975  0.484243  0.430981  0.551726 -0.108414  0.324477  0.729628  0.439443  -0.23825
point 35 383 500.275 188.612 -0.683592 -0.328633 -0.998242 -0.677961  -0.73997 -0.133362  0.508531  0.524888  0.447511 -0.193618
point 36 390 612.321 219.264  0.321336 0.0155724  0.254602  -0.56322  0.335345   0.86228  0.298069  0.159584 -0.579669   0.43009
point 37 393 173.034 221.184  0.558383 0.0892488 -0.280181  0.293521  0.953542  -0.13568 -0.667779  0.138626  0.761403 0.0176166
point 38 395  572.36 232.168  -0.700252   0.116726  -0.935986   0.958906   0.900746   0.622397  0.0481548  -0.379435 -0.0840818 0.00169671
point 39 402 61.3006  216.66    0.299441   -0.266976 -0.00990885    0.981139    0.469097   0.0484805   -0.101318    0.457996    0.989811   -0.327363
point 40 404 31.6896 167.028 -0.0413483  -0.928209   0.190487  -0.413969  -0.161721  -0.510072   0.319055    0.82837  -0.528933  -0.211848
point 41 426 473.048     190  0.947503  0.133863   0.86847  0.311761  0.836989 -0.239422  0.480078   0.35569 -0.869921 0.0566326
point 42 445 441.269 169.809 -0.910837 -0.275366 -0.703537 -0.837445 -0.325497  0.783999 -0.315782  0.125994 -0.480445  0.572218
point 43 447 474.722 164.305  -0.364793  0.0422708  -0.943833  -0.783837   0.251046  -0.854671 -0.0592022   0.547509  -0.692115   0.615301
point 44 449 312.701 159.056 -0.0107875  -0.383813   0.818915  -0.508941 -0.0715201  -0.545878    0.53333 -0.0153535  -0.329715  -0.215624
point 45 450 152.198  174.02    0.437861    0.226384    0.663394   -0.570037    0.967678    0.514457 -0.00571609   -0.841966    0.862367    0.694664
point 46 458 189.283 198.316 -0.789868  0.198694 -0.779928  0.349745   0.55264  0.419134  0.764037 0.0928183  0.914636 -0.586214
point 47 464 169.662 234.803 -0.0271644  -0.938594  0.0233461  0.0937692  -0.480435   0.147365   0.414446   0.454165   -0.62307   0.198851
point 48 505 180.46 198.27  -0.645631  -0.234013   0.220104   0.247822  -0.799595  -0.480147  -0.845421   0.909552  -0.478063 -0.0129028
point 49 520 80.452 167.57 -0.292163 -0.870239  0.363799  0.371776  0.863985   0.41306  0.413762  0.135915  0.274392 -0.190288
point 50 521 374.046 179.539 -0.820211 -0.330187    0.6289  0.169044 -0.231841 0.0135528 -0.390455 -0.668401 -0.830113 -0.681391
point 51 526 577.617 142.412 -0.250017  0.957943 -0.319496 -0.821494 -0.234222  0.422569  0.925639  -0.92369 -0.550291  0.875723
point 52 549 390.892 236.021  0.758305 -0.410291  0.886595  0.913585 -0.145246  0.286242 0.0399528  0.480044  0.392593  0.750649
point 53 579 405.051 199.325 -0.836834 -0.105862 -0.811195  0.013309  0.998884  0.521594 0.0422509  0.531147  0.221418  0.268636
point 54 581 274.645 238.752 -0.682051 -0.490977 -0.294158  0.970024 -0.958249 -0.130992 -0.135839 -0.769444  0.882317 -0.136955
point 55 586 402.966 199.266  0.0187167  -0.954867   0.740344   0.218838  -0.310535    -0.1292  -0.717996  0.0859464 -0.0741768   0.739363
point 56 590 607.355 149.539  -0.494789  -0.938953   0.676128   0.472358 -0.0331016  -0.572397  -0.447422   0.555506  -0.189567  -0.874997
point 57 603 236.183  111.61   0.99532  0.590263  0.711488  0.269044 -0.808145  0.399902 -0.867165  0.794583 -0.559657  0.663432
point 58 627 237.121 140.055 0.0685669  0.908901  -0.62709 -0.539141 -0.795539  0.340603 -0.816152 0.0334333  0.288366  0.618877
point 59 628  295.87 215.607  -0.68746  -0.15134  0.168139 -0.370447  -0.20573  0.875944   0.60202 -0.388255   0.49264  0.831591
point 60 630 542.646  193.41 -0.0398604 -0.0157242  -0.345779  -0.342176   0.656443 -0.0332394   0.506484  -0.175418   0.596314  -0.699246
point 61 669 35.3624  233.59   0.483372   0.656269  -0.716335  -0.468197   0.183675   -0.65684 -0.0689257   0.944908  -0.237626  -0.320682
point 62 678 203.142 170.935 -0.797586 -0.908234 -0.373983 -0.405675 0.0238745 -0.960727 -0.913834 -0.135361  0.266446 -0.333111
point 63 717 333.145 148.861  0.973209  0.656893 -0.909723 -0.257887 -0.357633 -0.704345 -0.648674   0.72541 -0.382137  0.659432
point 64 730 526.474  193.55  0.766776  0.396829  0.840847   0.82631  0.536854 -0.223963  -0.33946 -0.491219 -0.120748  0.987415
point 65 780  142.85 239.465 -0.986888 -0.215834  -0.31828   0.13573  0.968484  0.550821  0.496299 -0.823003  0.278877  0.961912
point 66 803 479.572 157.479 -0.759037  0.987209  0.750335 -0.560071 -0.569532  0.217455 0.0943798  0.791583  -0.27677  0.679391
point 67 813 484.937 234.128   0.640506   0.926489  -0.324421  -0.817356   0.262349   -0.76219   0.808451  -0.738862 -0.0156565   0.145644
point 68 823 619.268 71.0755 0.0508676 -0.749369 0.0661669  0.733403  0.568444 -0.535874 0.0444659   0.93055 -0.468979 -0.029999
point 69 846 417.837 208.781   0.462907   0.292218   0.401816  -0.864825  -0.924028 -0.0529982  -0.704459  -0.271302  -0.372097   0.223167
point 70 847 28.7036 194.712  0.117484  0.480253  0.366144   0.95388 -0.761578 -0.733749 -0.345913 -0.859124 -0.818209  0.193215
point 71 865 470.178 202.878   0.874235  -0.349473  -0.938437  -0.310667  -0.301642  -0.184956  -0.994585   0.597865   -0.76278 -0.0403678
point 72 866 542.719 31.6078 -0.537161 -0.104235  0.767242 -0.609602  0.661625  -0.24364 -0.144066  0.391348 -0.441663  0.917017
point 73 868 299.788 202.724   0.664433  -0.385111    -0.8638 -0.0188704  -0.655458  -0.400961   0.876895  -0.888216 -0.0105632   0.538519
point 74 877 113.16 173.91 -0.698683  0.876748  0.746952 -0.954643 -0.131184 -0.989386  0.860171 -0.614945  0.406594  0.438314
point 75 897 223.404 193.965  0.236569  0.858017  0.978294  0.576099  0.139594  -0.83104 -0.119346 -0.209869 -0.884639  0.261229
point 76 911 468.928 121.093 -0.982471 -0.385862 -0.778247  0.712827 -0.926006 -0.086434 -0.979104 -0.148568  0.487541 0.0928016
point 77 920 490.967 102.178   -0.9033  0.696812   -0.3423 -0.349221 -0.425908 -0.177421  0.820038 -0.845958  0.999984  -0.53974
point 78 947 211.236 183.954  -0.33514 -0.939474  0.823421 -0.569482 -0.531915  0.907633  0.627697 -0.748802 -0.860526  0.724962
point 79 951 550.605 173.398    0.17166  -0.836515  -0.121397   0.386527   0.220197 0.00337672  -0.998224      0.479  -0.172198  -0.665477
point 80 953 86.6459 158.624  0.0364577   0.555652   0.767362  -0.606662  -0.121735 -0.0609784  -0.443177   0.756868  -0.674452    0.77702
point 81 972 152.246 159.379  -0.703872   -0.52895   0.964815 -0.0106197  -0.990227  -0.556681   -0.75033  -0.302126  -0.698704   0.704034
point 82 993 148.252  174.19  -0.204167    0.95429  -0.485235   0.731808 -0.0896459   0.364398  -0.274497   0.146474   0.378063  -0.303513

