seq: 106
gt_pose:  4.60262  4.64478 -2.59504
odom_pose: 5.41876 4.04116 -2.5505
point 0 7 331.438 153.815   -0.12088    0.84794  -0.203127   0.629534   0.368437   0.821944 -0.0350187   -0.56835   0.900505   0.840256
point 1 17 165.464 141.685  -0.439916  0.0922137   0.438537  -0.773439 -0.0570331    0.18508   0.888636 -0.0981649  -0.327298   0.695369
point 2 21 339.197 186.112  0.551535 -0.423241 -0.340716 -0.620498  0.968726 -0.992843  0.654782 -0.337042 -0.623598 -0.127006
point 3 31 309.823 218.607  -0.391429   0.777447 -0.0468307   -0.66036   0.219458  0.0514942   0.237851   0.192392  -0.532688   0.659617
point 4 35 0.20379 216.472  0.104633  0.839182  0.371973  0.619571  0.395696 -0.376099  0.291778  -0.98799 0.0659196  0.687819
point 5 36 294.827 234.949 -0.198582 -0.275691  0.437734  0.603793  0.355625 -0.694248 -0.934215 -0.872879  0.371444 -0.624767
point 6 37 374.041 215.959 -0.997749 -0.988582 -0.389522 -0.476859  0.310736   0.71511 -0.637678 -0.317291  0.334681  0.758019
point 7 39 447.113  130.83  -0.533762   0.853152   0.102886    0.86684 -0.0111862   0.105137   0.878258   0.599291   0.628277   0.188995
point 8 42 80.8567 145.144  0.0300982  -0.774704   -0.02038  0.0206981  -0.903001   0.628703  -0.230683   0.275313 -0.0957552  -0.712036
point 9 44   229.2 166.833  -0.560424   0.260486   0.847025   0.475877 -0.0742955  -0.122876   0.701173   0.905324   0.897822   0.798172
point 10 53 341.502  144.89  0.778687  0.293424 -0.317035 -0.899664  0.533402   0.60666  0.397426  0.363843  0.808374 -0.374121
point 11 57 148.572 200.918  0.406373 -0.334216 -0.570952  0.518417 -0.483777  0.367148 -0.967645  0.690246  0.704822  0.201525
point 12 64 148.349 194.505   0.886444   0.536411  -0.755827   -0.92347  0.0298719    -0.2014  -0.576869 -0.0947003  -0.679676  -0.383506
point 13 68 335.198 239.622  0.157625  0.343682 -0.941048  0.511891  0.199413 -0.721998 -0.712117 -0.608204  0.554821  0.688563
point 14 76 558.545 154.781   0.423812  -0.189465  -0.613015   0.675972  -0.690579   0.347296  -0.352297  -0.305607  0.0650283 -0.0855207
point 15 77  401.39 220.719 0.0822792 -0.988314 -0.462632 -0.616739  0.386741 -0.111805  -0.52728  0.306173  -0.56169 -0.301352
point 16 84 23.7133 171.493 -0.429702  0.105475   0.35051  0.915419  0.248119  0.275612 -0.134254 -0.982863  0.992083 -0.272545
point 17 89 413.796 208.826  0.576463 -0.646687 -0.349646 -0.331968  0.275812 -0.635994 -0.512945 -0.950849 -0.723773 -0.164673
point 18 103 581.645 201.191  0.432399 0.0947199  0.480901 -0.106248 -0.250051  0.116395  0.681608 -0.865075  0.407141 -0.558643
point 19 110 238.712 181.804  0.852588  0.948997 -0.608924 -0.319949 0.0753195 -0.711507 -0.573756  0.585132  0.723517  0.226092
point 20 113 253.367 203.749 -0.0290799  -0.567086   0.587757  -0.891572   0.525357  -0.347806  -0.904516   0.643684  -0.287676 -0.0396132
point 21 132  261.46 197.762  0.231871 -0.929972 -0.924136  -0.07587 -0.734885  0.861307 -0.815021  0.280225  0.855412   0.68208
point 22 148 265.063 133.995  -0.109843   -0.26309  -0.199704   0.541194 -0.0732437  -0.203421   -0.98106   0.243388   0.928497  -0.641563
point 23 156 299.226 201.931  0.275465  0.551331  -0.69478  0.369597 -0.834865   0.96063  0.145526 -0.728911 -0.935632 -0.100276
point 24 158 293.297 87.1223  0.488299  0.432182  0.321931 -0.322143 -0.115444 -0.402603 -0.770812  0.189775  0.966994 -0.605677
point 25 159 261.225 211.833  0.214773 -0.987756 -0.900134 -0.153244 0.0436689  0.109778  0.978118 -0.316755 -0.404618 -0.761552
point 26 160 630.613 166.182 -0.00144476    0.348258     0.14547   -0.666326    0.566827   -0.366232    0.765857   -0.111242    0.311625   -0.349588
point 27 165 255.827 205.686   0.475223  -0.779634   0.428466   0.599356  -0.722633   0.633335  -0.626099   0.820523   0.379017 -0.0113657
point 28 169  219.35 194.503  -0.580536    0.47454   0.725557  -0.258271 -0.0866607   0.488779   0.339743   0.469085  -0.695875  -0.527021
point 29 176 290.031 216.545     -0.736   0.835434  -0.133772 -0.0382378   0.376799  -0.447313  -0.910408   0.256382   0.704783   0.116574
point 30 179     171 207.001 0.00629616  -0.839189  0.0844932   0.801791   0.703573   0.366906  -0.338707  -0.797893   -0.21148   0.787819
point 31 181 454.393 202.396    0.795082     0.56119   -0.191728   -0.160681   -0.132625    0.814568 0.000130057    0.951868    0.616358   -0.296297
point 32 189 516.753 225.616   0.944388 -0.0442758  -0.955454  -0.852352 -0.0904063   0.854488   0.702408  -0.431292  -0.388881   0.169044
point 33 198  113.64 237.161  0.901787  0.580917  -0.33954 -0.568724  0.985537 -0.796094  0.896412 -0.939148 -0.705186  0.321051
point 34 202 150.592 147.817 -0.551324 -0.194272  0.248272  0.341975  0.134538  0.796943  0.609249  -0.20802  0.135297 -0.158426
point 35 226 450.131 151.537 -0.0262535   0.472183   0.547006   0.619006   0.925916   0.482458  -0.940886  -0.826409 -0.0763676   0.436199
point 36 229 588.933 168.481  0.968528 0.0750718  0.272564 -0.717869  0.975184  0.156013  0.476047 -0.371207  0.157548 0.0707208
point 37 240 308.848 182.884 -0.530628 -0.612642  0.611599  0.810904  0.798053  0.720474 -0.521382 -0.721557 -0.992283  0.651193
point 38 259 11.1311 197.842  0.193008  0.666363 0.0927851  0.475111 -0.423348 0.0427716  -0.72605  0.435016 -0.882414 -0.588014
point 39 280 130.428 229.633  -0.241978   0.143178   0.553871  -0.138676  -0.320796  -0.377717   0.822066   0.838351 -0.0976505   0.778525
point 40 286 65.0995 177.621 -0.760072 -0.486215 -0.436706 -0.224026  0.050745   0.34627  0.881768 -0.887554 -0.954168  0.720592
point 41 290  17.27 163.68 -0.672914  0.829044 -0.769119  -0.49239 -0.674706  0.514999 -0.895023 -0.781311  0.580249 -0.971832
point 42 296  173.18 173.191 -0.00636399   -0.584575    -0.36393    0.304101   -0.193619    0.603205   -0.665466    0.968772   0.0340513   -0.348282
point 43 304 346.514 89.9765  0.510067 -0.563739 -0.407935 -0.382448  0.990447  -0.20944  0.699701   0.53523 -0.538621  -0.42421
point 44 313 140.738 142.327   0.116608   0.331907    0.15694   0.105878   0.469364   0.693325   -0.42406  -0.605678 -0.0889612   0.407338
point 45 315 227.195 180.219 -0.843146 -0.360448 -0.944335  0.108137 -0.365138  0.172273 -0.559957  0.791802 -0.721849  0.909408
point 46 319 132.612 176.618 -0.964424  0.242944  0.598827 -0.235542 -0.715353  0.159202  0.696964  -0.32369 -0.978992  0.365484
point 47 320 524.753 218.629     -0.11852     0.658588     0.986127   -0.0218225     0.586611     0.160737   -0.0157173 -0.000238776     0.189437     0.294118
point 48 327 71.3035  217.53 -0.335786 -0.976615 -0.252671  0.866443  0.314528  0.542723 -0.427168  0.693954 -0.337934  0.783143
point 49 344 567.389 231.646  -0.467904  -0.247613   0.108737  -0.685334   0.862874   0.784842  -0.350078  -0.368495   0.676061 -0.0805489
point 50 353 108.279 144.816   -0.53821  -0.241297   0.966817  -0.299916  -0.308494   0.319435 -0.0608006  -0.557971  -0.426072   0.118989
point 51 367 236.433 149.777  -0.685628  -0.898822   0.895947   -0.43948  -0.480146   0.686717  -0.338598 -0.0455099  -0.557105  -0.786587
point 52 398 167.605 228.749 -0.831256  0.884638 -0.658704  0.416883  -0.97504  0.587585  0.682639  0.882647  0.299235 -0.713947
point 53 402 540.544 214.435    0.299441   -0.266976 -0.00990885    0.981139    0.469097   0.0484805   -0.101318    0.457996    0.989811   -0.327363
point 54 404 538.141 168.869 -0.0413483  -0.928209   0.190487  -0.413969  -0.161721  -0.510072   0.319055    0.82837  -0.528933  -0.211848
point 55 430 611.966  195.23 -0.018653  0.522761 -0.786063 -0.801091   0.24213 -0.268059  0.268841 -0.165368 -0.123296  0.986404
point 56 446 19.9902 176.846    0.525824   -0.750104     0.58581    0.915839   -0.992607    0.170148    0.987469    0.471293    0.532874 -0.00330192
point 57 448 139.394 212.241  0.851063 -0.435679 -0.809644  -0.65209  -0.29962   0.71618 -0.402194  -0.71381  0.632019 -0.394802
point 58 450 607.377 110.665    0.437861    0.226384    0.663394   -0.570037    0.967678    0.514457 -0.00571609   -0.841966    0.862367    0.694664
point 59 453  511.47 236.491  -0.392726   0.341782 -0.0774235  0.0674467   0.322636   -0.57119  -0.867183  -0.240172   0.554532   0.274679
point 60 454 319.324 148.692 -0.896303  0.966829  0.650354 -0.445509  0.621863  0.735537  0.789661 -0.593126  0.431804  0.356717
point 61 463 111.703  160.75   0.555612 -0.0635031  -0.323061   0.546593   -0.80524   0.271691   0.951359  -0.810283  -0.756589  0.0700127
point 62 469 162.757 178.474 -0.0936731   -0.83534   0.944794   0.955683  -0.127341  -0.466801   -0.79611   0.778958   0.193467   -0.89758
point 63 478 484.818 209.371  0.165984 -0.714991  0.503757  0.802579 -0.413575 -0.401238   0.23094  0.139862 -0.403314  0.838118
point 64 495 331.869  170.89   0.230124   0.670537  -0.112265   0.448592  -0.477599  -0.655942   0.987854  -0.599509 -0.0770482    0.11251
point 65 506 324.777 208.424  0.0570979   0.298157 -0.0329808  -0.586699  -0.951868  -0.636283  -0.695073  -0.596589   0.738513   0.521662
point 66 519  203.18 164.985  0.384653  0.440501   0.56344  0.156334  0.709064 -0.828902 -0.884813  0.884342 -0.333832  0.469616
point 67 520 535.963 154.941 -0.292163 -0.870239  0.363799  0.371776  0.863985   0.41306  0.413762  0.135915  0.274392 -0.190288
point 68 532  113.74 202.821 -0.849612  0.374344  0.802779   0.84319  0.718721  0.747208  0.211618 -0.477605  0.935741 -0.463259
point 69 561 515.728 226.072 -0.901468 -0.321224  0.762173 -0.139413 -0.933921 -0.734849 -0.141754 -0.936109 -0.385877  0.688644
point 70 573 170.022 173.642  0.893951 -0.240427  0.252159 -0.459052 -0.280533 0.0532347  -0.67123 -0.990219 -0.309295  0.608814
point 71 578 346.458  205.05 -0.0117552   -0.22775   -0.28538   0.229583  -0.744161   0.503275  0.0797361  -0.946488 -0.0893854   0.163092
point 72 581 167.078 238.083 -0.682051 -0.490977 -0.294158  0.970024 -0.958249 -0.130992 -0.135839 -0.769444  0.882317 -0.136955
point 73 591 300.261 195.177  0.988993 -0.644176  0.621343 0.0971595 -0.440802 -0.269265  0.944689  0.218569  0.014178 -0.536388
point 74 599 379.581 212.148  -0.415667   0.256981     0.6962   0.149527   0.053151   0.980456  -0.145336 -0.0911871  -0.117177   0.533821
point 75 616 511.041 228.199   0.825798   0.544241   0.520071   0.393325   -0.98472 -0.0257384  0.0265256     -0.627   0.251381 -0.0168152
point 76 622 375.806 161.523  -0.437378  -0.970712   0.447469 -0.0850171  -0.976981  0.0142802   0.648431    0.90451  -0.222876  -0.669304
point 77 629 43.0271 175.085 -0.427359  0.775921  0.652124 -0.909509  0.958261 -0.279309  0.999391 -0.668829  0.181551 -0.796148
point 78 655 249.618 217.739   -0.1118  0.694693  0.456766   -0.5967 -0.577949 -0.451614 -0.955974 -0.687135 -0.853858  0.842232
point 79 658 274.111 219.709   0.372091  0.0743567 -0.0935449  -0.313566   0.182262   0.992905   0.618629   0.611527  -0.794545    0.53586
point 80 667 208.641 190.934 -0.940505 -0.600729 -0.238767 -0.580786  0.748244  -0.73098 -0.496437  0.723859  0.554307  0.406393
point 81 669 473.201 234.543   0.483372   0.656269  -0.716335  -0.468197   0.183675   -0.65684 -0.0689257   0.944908  -0.237626  -0.320682
point 82 681 4.50769  190.51 -0.274985  0.572889  0.186375  0.444509 -0.758508  0.172914 -0.800205  0.427282 -0.126281 -0.855589
point 83 709 56.8585 212.742  0.937153 -0.879094 -0.981195 -0.979103  0.494458  0.812171  0.773809  0.502087  0.177656 -0.485632
point 84 731 24.3738 229.383 -0.315732  0.371601  0.340217 -0.853689 -0.642385   0.94112  0.753138  0.795748  0.562694 -0.821316
point 85 777 193.714 207.344  -0.618019   0.647359  -0.295216   -0.46367   0.597632  -0.260034  -0.304197   0.560956 -0.0307597  0.0843846
point 86 804 42.6455  135.16 -0.795487 -0.720086 -0.686969 -0.575654  0.538002  0.703765 -0.111635  0.464928  -0.56808  0.136501
point 87 806  343.35 237.958     0.8396 -0.0115108  -0.542699  0.0880128  -0.685314  -0.338185   0.367926  -0.372283  0.0861604 -0.0940711
point 88 815 139.766  164.41  0.101442 -0.220784  0.970955 -0.306813  0.708938  0.611461 -0.380323 -0.615484  0.794105  0.882025
point 89 832 443.896 188.023  0.669425  0.965574 -0.356171  0.665518  0.723327 -0.508353 -0.688937  0.802059 -0.798718 -0.868311
point 90 843 238.293 177.513 -0.425756 -0.181035 -0.101826  0.457224  0.129919 -0.946841  0.368164  0.221809  0.972445  0.990132
point 91 847 495.105 200.316  0.117484  0.480253  0.366144   0.95388 -0.761578 -0.733749 -0.345913 -0.859124 -0.818209  0.193215
point 92 854 394.144 226.134   0.630696   0.140317   0.396989  -0.766425  -0.113419   0.991225 -0.0418938  -0.124469   0.244966   0.945166
point 93 867  165.38 213.389   0.998324   0.105745  0.0862737   0.594672  -0.449394 -0.0394911    -0.7548  -0.387831   0.649842 -0.0564423
point 94 877 554.523 146.053 -0.698683  0.876748  0.746952 -0.954643 -0.131184 -0.989386  0.860171 -0.614945  0.406594  0.438314
point 95 878 291.267 231.219  -0.965168  0.0160025  -0.959596  0.0446268 -0.0244993   0.471784   0.384076  -0.125848  -0.745689  -0.576388
point 96 881 309.148 202.211  0.319909  0.615612  0.414649  0.612549  0.380785 -0.802948  0.206118 -0.782346 -0.422539 -0.567341
point 97 882 100.397  203.13 -0.460616  0.960591 -0.609741  0.583099  0.471618  -0.21904 -0.934873 -0.799917  -0.56627  0.618537
point 98 885 38.6888 156.101   0.860286  -0.660656  -0.115345 -0.0372115   0.551696   0.655959   0.709564   0.829646   0.619264 -0.0252347
point 99 886 61.2013 79.0163 -0.362087 -0.842118 -0.468483 0.0544382  0.335238  0.985881  0.903623  0.868435 -0.725138 -0.841041
point 100 905 236.754 51.5913  -0.96694  0.123211  0.476778 -0.382044  0.674013  0.280002 -0.834053  0.652308 0.0661361   0.15474
point 101 910 245.658 152.239   -0.931117     0.63372    0.456095 -0.00985324    0.642471    0.472266   0.0661508    0.592692     0.77206    0.363984
point 102 927 245.381 201.003   -0.03407   0.870361   0.574175   0.381922   -0.88602   0.373035 -0.0171531  -0.378772   0.737805   0.922747
point 103 928 107.294 169.195 -0.160221  0.886654 -0.824488 -0.898695 -0.269928 -0.576077 -0.690181 -0.360302 -0.457166  0.310668
point 104 929 287.475 194.193 -0.855068 -0.290085 -0.258897  0.212723  0.231102  0.707033  0.083084 -0.194724 0.0889554  0.197064
point 105 953 575.496  133.52  0.0364577   0.555652   0.767362  -0.606662  -0.121735 -0.0609784  -0.443177   0.756868  -0.674452    0.77702
point 106 963 137.373 191.572 -0.0250311   -0.80992  -0.385503   0.413624  -0.890219    0.26532   0.938122  -0.916241  -0.188038   0.485644
point 107 968 375.259 139.874  0.0707698  -0.385812  0.0864311  -0.069716    0.93266   -0.20925  -0.724557 -0.0435116  -0.647863  -0.970503
point 108 971 134.657 202.812    0.683682 -0.00590533    0.276129   -0.692478    0.992478  -0.0830001    0.349253    0.969964    0.785632   -0.163421
point 109 972 568.352 93.3515  -0.703872   -0.52895   0.964815 -0.0106197  -0.990227  -0.556681   -0.75033  -0.302126  -0.698704   0.704034
point 110 979 274.954 153.674 0.0400809  0.470501   -0.1505  0.457585  0.206553  0.357194 -0.551792 -0.154997  0.624475 -0.290177
point 111 989 218.856 237.182  -0.684991   0.304373   0.477344  -0.594265 -0.0762612  -0.562557  -0.151368   0.511633   0.531866   -0.49773
point 112 997 355.964 233.613   0.957896  -0.947002 -0.0411545   0.833408  -0.436345 0.00909197   0.639122   -0.87136  -0.238784   0.629636

