seq: 93
gt_pose:  6.82967  5.99986 -2.59504
odom_pose:  7.59143  5.48342 -2.55803
point 0 0  11.699 189.526    0.59688   0.823295  -0.604897  -0.329554   0.536459  -0.444451    0.10794 -0.0452059   0.257742  -0.270431
point 1 1 603.026  161.62  0.271423  0.434594 -0.716795  0.213938 -0.967399 -0.514226 -0.725537  0.608353 -0.686642 -0.198111
point 2 3 135.251 189.371 -0.199543  0.783059 -0.433371 -0.295083  0.615449  0.838053 -0.860489  0.898654 0.0519907 -0.827888
point 3 37 343.662 229.471 -0.997749 -0.988582 -0.389522 -0.476859  0.310736   0.71511 -0.637678 -0.317291  0.334681  0.758019
point 4 49 139.511   91.88  -0.689327  -0.414222   0.764408  -0.267944   0.798863   0.495275 -0.0483887  -0.454026   0.893281  -0.755348
point 5 53 327.165 208.271  0.778687  0.293424 -0.317035 -0.899664  0.533402   0.60666  0.397426  0.363843  0.808374 -0.374121
point 6 75 112.077 169.516 -0.649174 -0.910541  0.919433  0.550115 -0.774071   0.72253 -0.585487  0.988392 0.0722291  0.335817
point 7 77 349.608 232.984 0.0822792 -0.988314 -0.462632 -0.616739  0.386741 -0.111805  -0.52728  0.306173  -0.56169 -0.301352
point 8 82 139.862 66.4346   0.925102 -0.0496722  -0.230982  -0.283529   0.861709   0.833702  -0.793513   0.801793   0.751209  -0.616456
point 9 89 342.485 232.524  0.576463 -0.646687 -0.349646 -0.331968  0.275812 -0.635994 -0.512945 -0.950849 -0.723773 -0.164673
point 10 103  434.36 223.037  0.432399 0.0947199  0.480901 -0.106248 -0.250051  0.116395  0.681608 -0.865075  0.407141 -0.558643
point 11 106 388.681   232.8 -0.209368  0.978966 0.0665052 -0.121585  0.435557  0.159531 -0.183166   -0.9717  0.497884 -0.109531
point 12 115 170.087 164.605  -0.713552  -0.760832   0.452289   0.493271 -0.0586519  -0.576791   0.926184  -0.470895  -0.468363   0.451542
point 13 120  183.61 164.101 -0.976509  0.160097  0.687787 -0.546377  0.630587  0.577181 -0.664703  0.282376 -0.906305  0.312197
point 14 134 296.885 135.128 -0.320536  0.102604  0.432494  0.855246  0.693223 -0.335636  0.925274  0.769087  0.588494 -0.809611
point 15 140 238.093 142.157 -0.484123 -0.101959  0.631811  0.100988  0.821452 -0.758332  0.377152 -0.607818 -0.358456  0.887305
point 16 145 613.795 237.637  0.566061  0.464277 -0.917448  0.596949  0.344034  0.777599  0.515141 -0.230922  0.660221  0.522057
point 17 157 480.347  233.56 0.00991201   0.131362   0.639576   0.485604   -0.73967  -0.962024   0.252202   0.606869  -0.722665   0.500674
point 18 158 308.944  176.74  0.488299  0.432182  0.321931 -0.322143 -0.115444 -0.402603 -0.770812  0.189775  0.966994 -0.605677
point 19 161 372.059 70.9203    0.453149    0.935137 -0.00940692   -0.434331   -0.399451   -0.794634   -0.422087   -0.299585   0.0521224    0.621582
point 20 170 235.673 235.401  0.130379 -0.347084  0.229718  0.134605  0.786518 -0.196228 -0.872535  0.736948  0.437662  0.714286
point 21 173 522.452 173.867 -0.555551  0.505941 -0.775258  0.857206  0.211701  0.138847  0.568044 -0.823599  0.181035 -0.308075
point 22 180 619.879 94.3858 -0.149279  -0.52725  -0.69325 -0.701603  0.118669 -0.999189 -0.124666 -0.152447 -0.161619 -0.242068
point 23 190 630.265 220.823   0.380134   0.690649 -0.0789292   0.792111   0.488414   0.516982  0.0600868  -0.869873   0.368619   -0.49211
point 24 205 623.228 186.213  -0.82374 -0.236689 -0.188512 -0.769172  0.497672  0.153202  0.190203 -0.671276  0.381834  0.115238
point 25 206 103.711 169.094  0.707552 0.0465425  0.643557  0.921335 -0.760497 -0.668131   0.71857  -0.23866   -0.9401  0.714319
point 26 217 16.7899 161.313 -0.380078  0.307574 -0.981295  0.219472  0.211274 -0.992276  0.662646 0.0984751 0.0529006 -0.754404
point 27 224 27.1778 200.233  0.935452 -0.559892 -0.752325  0.441175  0.377085 -0.415874   0.38997  0.463914  0.125731 -0.119687
point 28 275 480.297 171.487   0.901747 -0.0544072   0.466355  -0.782355 -0.0168586   0.134778   -0.30289   0.424487  -0.571156  -0.142559
point 29 276 87.6974 239.338   0.531855  -0.683572  0.0752114 -0.0770754   0.254499 -0.0478764   0.292591  -0.635768  -0.449296    0.73695
point 30 304 331.964 172.268  0.510067 -0.563739 -0.407935 -0.382448  0.990447  -0.20944  0.699701   0.53523 -0.538621  -0.42421
point 31 315 284.837 217.354 -0.843146 -0.360448 -0.944335  0.108137 -0.365138  0.172273 -0.559957  0.791802 -0.721849  0.909408
point 32 320 395.108  232.16     -0.11852     0.658588     0.986127   -0.0218225     0.586611     0.160737   -0.0157173 -0.000238776     0.189437     0.294118
point 33 324 613.77 145.25 0.0841597  0.359045  -0.71088 -0.429574  0.614228 0.0257161  0.422177 0.0942372  0.284679  0.363596
point 34 325 215.221  212.48 -0.204606 -0.293611 -0.620574  0.119343  0.210311 -0.342854  -0.26259 -0.476689 -0.585566 -0.981845
point 35 340 37.4419 72.8641  0.427898 -0.388001 -0.687436 -0.101055  0.798478 -0.135643 -0.687554 -0.449847  0.534066  -0.36603
point 36 343 293.719 221.079 -0.0194843  -0.958109  -0.362872  -0.836531  -0.210987 -0.0851599   0.281379  -0.904037   0.576295  -0.434178
point 37 353 226.622 198.023   -0.53821  -0.241297   0.966817  -0.299916  -0.308494   0.319435 -0.0608006  -0.557971  -0.426072   0.118989
point 38 377 531.798 228.155  0.568992 -0.997484  0.170229 -0.528694 -0.792735  0.792076 -0.393831 -0.986474 0.0327893  0.709821
point 39 393 464.845 221.254  0.558383 0.0892488 -0.280181  0.293521  0.953542  -0.13568 -0.667779  0.138626  0.761403 0.0176166
point 40 396 212.878 146.807  0.246289 -0.734244  0.857687  0.711649 -0.396586 -0.335372 -0.788246 -0.406796  0.361242  0.623127
point 41 403 63.2204 222.844  0.190165  0.666708 -0.509278  -0.55267 -0.599717  0.492793  0.990549  0.681135 -0.994149 -0.586974
point 42 438 553.378 177.071 -0.677564  0.811091 -0.649315  0.980512 -0.279833  0.695432  0.848172  0.918068  0.369954  0.993716
point 43 449  468.04 36.6252 -0.0107875  -0.383813   0.818915  -0.508941 -0.0715201  -0.545878    0.53333 -0.0153535  -0.329715  -0.215624
point 44 450 439.645  186.15    0.437861    0.226384    0.663394   -0.570037    0.967678    0.514457 -0.00571609   -0.841966    0.862367    0.694664
point 45 456 53.4577 147.746  0.199062 -0.585708  0.540179 -0.504498 -0.350252  0.643875 -0.537669 -0.699898 -0.801634 -0.915805
point 46 458 437.658 200.553 -0.789868  0.198694 -0.779928  0.349745   0.55264  0.419134  0.764037 0.0928183  0.914636 -0.586214
point 47 464 472.844 234.721 -0.0271644  -0.938594  0.0233461  0.0937692  -0.480435   0.147365   0.414446   0.454165   -0.62307   0.198851
point 48 505 476.823 194.862  -0.645631  -0.234013   0.220104   0.247822  -0.799595  -0.480147  -0.845421   0.909552  -0.478063 -0.0129028
point 49 518 15.1516 183.841 -0.950739 -0.958014  0.271929  0.861333   0.39595 -0.565019 -0.727786  0.599732 -0.391106  0.123207
point 50 521 341.993 34.5624 -0.820211 -0.330187    0.6289  0.169044 -0.231841 0.0135528 -0.390455 -0.668401 -0.830113 -0.681391
point 51 533 108.194 178.716  -0.689763  -0.197455   0.600062  -0.265944  -0.730354   -0.73325   0.596232  -0.258049   0.675264 -0.0269231
point 52 581 281.783 239.521 -0.682051 -0.490977 -0.294158  0.970024 -0.958249 -0.130992 -0.135839 -0.769444  0.882317 -0.136955
point 53 585 594.697 205.267 -0.946435   0.62818 -0.120741  0.771118  0.268833  0.396329 -0.560216  -0.68318  0.259331 -0.886926
point 54 588 151.622 232.818 -0.248526 0.0802202 -0.411392 -0.617169  0.572425  0.607324 -0.572037   0.31277 -0.173838  0.117428
point 55 603 325.523  169.08   0.99532  0.590263  0.711488  0.269044 -0.808145  0.399902 -0.867165  0.794583 -0.559657  0.663432
point 56 627  383.53 150.462 0.0685669  0.908901  -0.62709 -0.539141 -0.795539  0.340603 -0.816152 0.0334333  0.288366  0.618877
point 57 628 575.033 164.585  -0.68746  -0.15134  0.168139 -0.370447  -0.20573  0.875944   0.60202 -0.388255   0.49264  0.831591
point 58 630 5.82166 163.378 -0.0398604 -0.0157242  -0.345779  -0.342176   0.656443 -0.0332394   0.506484  -0.175418   0.596314  -0.699246
point 59 646 130.132 225.937 -0.336279  0.631708  0.785692  0.782272  0.374045 -0.721866 -0.334157  0.814903  0.278231  0.493775
point 60 668 74.6318 73.8562 -0.566585  0.812114 -0.780023 -0.429643 -0.499277 -0.173557   0.15871 -0.497373 -0.879109 -0.548088
point 61 678 467.371 160.156 -0.797586 -0.908234 -0.373983 -0.405675 0.0238745 -0.960727 -0.913834 -0.135361  0.266446 -0.333111
point 62 717 321.111 128.618  0.973209  0.656893 -0.909723 -0.257887 -0.357633 -0.704345 -0.648674   0.72541 -0.382137  0.659432
point 63 768 54.6986  197.74 0.0649189 -0.179069  0.213072  0.375913 -0.723676  0.258259 -0.208918   0.43046  0.730665  0.656339
point 64 778 10.4612 211.738 -0.130899 -0.639431 -0.791487  0.728055 -0.534387 -0.883705 -0.385223   0.30321  -0.41933 -0.709572
point 65 780 478.474 239.501 -0.986888 -0.215834  -0.31828   0.13573  0.968484  0.550821  0.496299 -0.823003  0.278877  0.961912
point 66 804 236.636 208.491 -0.795487 -0.720086 -0.686969 -0.575654  0.538002  0.703765 -0.111635  0.464928  -0.56808  0.136501
point 67 809 28.9229 119.858  -0.25091 -0.909769 -0.957132 -0.276385 -0.538913  -0.19373  0.834641  0.788711 -0.242036 -0.217299
point 68 817 71.2794 140.177  -0.274231   0.523743   0.819922   0.592757   0.627347 -0.0786369  -0.628028   0.598301    0.61455   -0.91909
point 69 822 634.742 216.061    0.74008  -0.224017   0.870749  -0.312672   0.283843  -0.832931   0.715486 0.00146544  -0.302383    0.20907
point 70 826 535.481 198.028   0.520775  -0.210085   0.222426   0.539881   0.942201  -0.437068 -0.0124431   -0.74071   0.769863   0.624211
point 71 837 196.593 153.332 -0.096301  -0.22972 -0.509116 -0.342164  -0.79133  0.175313 -0.456338 -0.375722 -0.831941 -0.453364
point 72 846 227.112 229.627   0.462907   0.292218   0.401816  -0.864825  -0.924028 -0.0529982  -0.704459  -0.271302  -0.372097   0.223167
point 73 866 145.684 110.333 -0.537161 -0.104235  0.767242 -0.609602  0.661625  -0.24364 -0.144066  0.391348 -0.441663  0.917017
point 74 868 511.002 142.755   0.664433  -0.385111    -0.8638 -0.0188704  -0.655458  -0.400961   0.876895  -0.888216 -0.0105632   0.538519
point 75 886 226.925 182.108 -0.362087 -0.842118 -0.468483 0.0544382  0.335238  0.985881  0.903623  0.868435 -0.725138 -0.841041
point 76 892 106.129 154.686   0.314044  -0.894541  -0.715906   0.712615   -0.72064   0.685969  -0.680273   0.160772   0.851594 -0.0349736
point 77 897 530.833 165.031  0.236569  0.858017  0.978294  0.576099  0.139594  -0.83104 -0.119346 -0.209869 -0.884639  0.261229
point 78 898 145.263 233.087  0.813511 -0.610904  0.266864 0.0363978 0.0707968 -0.301128  0.532009 -0.522292 -0.116626  0.448443
point 79 905 287.453 166.352  -0.96694  0.123211  0.476778 -0.382044  0.674013  0.280002 -0.834053  0.652308 0.0661361   0.15474
point 80 910 287.481 201.619   -0.931117     0.63372    0.456095 -0.00985324    0.642471    0.472266   0.0661508    0.592692     0.77206    0.363984
point 81 911 173.877 131.923 -0.982471 -0.385862 -0.778247  0.712827 -0.926006 -0.086434 -0.979104 -0.148568  0.487541 0.0928016
point 82 920 202.302 193.597   -0.9033  0.696812   -0.3423 -0.349221 -0.425908 -0.177421  0.820038 -0.845958  0.999984  -0.53974
point 83 924  591.08 219.591  -0.452965  -0.515122   0.268808   -0.40809 -0.0404977  -0.108878  -0.980781 -0.0421047   0.805151  -0.197431
point 84 926 131.564 215.702  -0.751589  -0.791486   0.909627  -0.881089 0.00084877  -0.543338  -0.396211  -0.730343  0.0485721   0.563291
point 85 928 224.413 208.184 -0.160221  0.886654 -0.824488 -0.898695 -0.269928 -0.576077 -0.690181 -0.360302 -0.457166  0.310668
point 86 939 190.254 208.746 -0.426205 -0.741321  0.567446  0.887447  0.205347 -0.923181 -0.730775  0.682368  0.137528  0.783253
point 87 947 497.907 163.808  -0.33514 -0.939474  0.823421 -0.569482 -0.531915  0.907633  0.627697 -0.748802 -0.860526  0.724962
point 88 951 19.8203 142.954    0.17166  -0.836515  -0.121397   0.386527   0.220197 0.00337672  -0.998224      0.479  -0.172198  -0.665477
point 89 972 422.054 179.734  -0.703872   -0.52895   0.964815 -0.0106197  -0.990227  -0.556681   -0.75033  -0.302126  -0.698704   0.704034
point 90 984 519.599 158.643 -0.428851  -0.79993 -0.943686 -0.541451  0.495974   0.58049 0.0557716  0.479026 -0.539958 -0.647828
point 91 993 480.483 176.764  -0.204167    0.95429  -0.485235   0.731808 -0.0896459   0.364398  -0.274497   0.146474   0.378063  -0.303513

