seq: 53
gt_pose:  4.76005  6.32766 0.981447
odom_pose:  5.38939  6.11917 0.819819
point 0 22 434.993  191.81  0.398151 -0.757714  0.371572 -0.232336  0.548547  0.886103  0.832546  0.723834 -0.592904  0.587314
point 1 40 0.344932  72.7541  -0.350917   0.748619   0.178313   0.275542   0.518647   0.550843    0.58982  -0.474431   0.208758 -0.0588716
point 2 83 407.477  160.27  0.641851  0.936789 0.0175978 -0.990547 -0.623504 -0.425621  0.255036 -0.476228  0.497357 -0.927008
point 3 133 458.617 174.056  -0.481526    -0.7116  -0.820782   0.375091  -0.902523  -0.759515  -0.565401  -0.457064 -0.0649414   0.356136
point 4 135 369.373 147.305 0.485805 0.455553 0.461855 0.305176 0.227615 0.980329 0.593576 0.406832  0.35542 0.691053
point 5 136 368.079  106.09 -0.417624  0.146155  0.691266 -0.994755  0.374588  -0.62927  0.107849 -0.192919 -0.774024 -0.198928
point 6 191 17.0673 135.112  -0.886262  -0.850989  -0.887078   0.743702 -0.0206882   -0.94269  -0.300574  0.0238575  -0.795043    0.60902
point 7 241 436.519 181.249  0.257679  0.170461  0.609192 0.0663304  0.657976 -0.824166  0.168264  0.861447  0.356542 -0.227212
point 8 243 406.822 173.119   0.959332   0.574005   0.839737   0.803005   0.901597  0.0974165 -0.0265338   0.510789  -0.836253  -0.368558
point 9 248 358.823 175.621 0.0464324   0.78026  0.565266  0.218137 0.0724853  0.172607 -0.978717 -0.948666 -0.888042  0.317319
point 10 349 381.499 153.968  0.635491 -0.262955  0.665369 -0.896815 -0.796279  0.066124   0.49033 -0.501568 -0.353841 -0.620982
point 11 361 351.835 185.641   0.832951   0.706334  -0.326239  -0.493665    0.69202   0.593586   0.257783   0.348116  -0.949126 -0.0479393
point 12 366 428.394 151.765   0.42728  0.766342  0.202298 -0.741307 0.0591142 -0.694207 -0.957833 -0.276013 -0.315526  0.956222
point 13 376 287.137 162.085 -0.688626 -0.858453   0.63331 -0.333017  0.641624    0.2139  0.307004 -0.069502  0.565506  -0.26387
point 14 379 454.796 40.6146  0.241703 -0.547877  0.127767 0.0463963  0.597894 -0.303241 0.0489119 -0.231877  0.168065  0.256177
point 15 386 214.103  202.49 -0.0480225  -0.243244   0.302182   0.432484   0.988756  -0.113412  -0.456119  -0.656867  0.0728633  0.0542915
point 16 391 502.618 224.764 -0.855499 0.0387003  0.185084 -0.102917 -0.314605 -0.421262 -0.296043  0.320042 0.0895774 -0.965256
point 17 392 322.236  229.04    0.93989 -0.0675948  -0.397025   0.273519  -0.978829    0.92431  -0.710909   0.275772   -0.63891   0.624436
point 18 411 228.209 199.311  0.464326  0.927597  0.861715  0.970264  0.403908  -0.56554  0.858937 -0.298863 -0.827988 -0.041285
point 19 426 626.661 120.882  0.947503  0.133863   0.86847  0.311761  0.836989 -0.239422  0.480078   0.35569 -0.869921 0.0566326
point 20 436 578.837 227.921  0.344748  0.867661  0.197901  0.674522 -0.854457  0.391434 -0.487835 -0.459693  0.900568 -0.322562
point 21 502 275.148 205.467   0.298478   0.273232 -0.0210093   0.448418   0.836605 -0.0543368  -0.422476  -0.987725    0.21298  0.0862877
point 22 515 410.405 189.522 -0.0453756  -0.560514  -0.138328   -0.43631    0.59448   0.461981  -0.029654   0.205188  -0.628821   0.378047
point 23 516 266.699 161.988   0.163052  -0.589119  -0.796219  -0.826087  -0.149007   0.619725  -0.619639 -0.0248603  -0.834804  -0.548754
point 24 549  550.62 222.927  0.758305 -0.410291  0.886595  0.913585 -0.145246  0.286242 0.0399528  0.480044  0.392593  0.750649
point 25 579  582.05 81.7923 -0.836834 -0.105862 -0.811195  0.013309  0.998884  0.521594 0.0422509  0.531147  0.221418  0.268636
point 26 592 336.399 158.536  0.830188  0.973962  0.663063  0.302205 -0.842053 -0.831726  0.363252  0.834075  0.640631 -0.669849
point 27 675 205.048 116.557  -0.0972679    0.828181    0.731951    0.196139   -0.145513   -0.738751   -0.126487    0.814004 -0.00273544   -0.562518
point 28 712 434.556 235.453 -0.047856  -0.70974  0.492367  0.772676 -0.597489 -0.547969 -0.728103 -0.195626  0.799444  -0.15969
point 29 714 346.265 131.048  0.712437  0.428083  0.772187  0.488329 -0.538463 -0.275669  0.778589  0.953903 -0.502993   -0.8189
point 30 718 318.237 169.178 -0.435442 0.0465599  0.884214  0.511159  0.832645  0.828317 -0.506857 -0.670916  0.669136  0.472827
point 31 723 313.234 234.427  0.128971 -0.929101  -0.02496  0.143289 -0.374555 -0.416394 -0.369567   0.71795   0.13021 -0.657725
point 32 759 428.318 137.528 0.0753695  0.583986  -0.88177 -0.850672 0.0494187  0.459938  0.893137  0.292039  0.437887 -0.334686
point 33 779 165.686 219.764   0.252393  -0.810886  -0.914333  -0.799374   0.599122  -0.532352   0.847985  -0.696094 0.00397849   0.445617
point 34 785  403.46 153.875 -0.0772994  -0.103743  -0.510799   0.544046  -0.869112  -0.531945  -0.872697    0.65881  -0.659437   0.975683
point 35 792 484.208 182.909 -0.0182236   0.113555   0.471903   0.490836   -0.97706   0.727198   0.638644 -0.0326483   -0.51138   0.084008
point 36 831 376.218 230.979  -0.103442   0.446212   0.705412   0.109605   0.353958  -0.875836 -0.0531377   0.578163  -0.704308 -0.0842655
point 37 901 146.759  174.99 -0.689133  0.431354 -0.921705  0.811348  0.789375 -0.388443 -0.702053  0.364163 -0.117969 -0.576232
point 38 914 345.645 233.572   0.256892  0.0570115 -0.0382076   0.387208   0.326019   0.443698  -0.646448 -0.0914069   0.202881   0.825958
point 39 932 404.442 173.556  -0.110629  0.0354502   0.789648 -0.0388271  -0.146257   0.705765 -0.0442774  -0.935875  -0.249372   0.531873
point 40 948 574.37 168.43 -0.898265  0.175223 -0.912845  0.382518 -0.150465  0.296577  0.279144  0.431888   0.50429 -0.193395
point 41 964 360.409 167.601  0.934499 -0.289684  0.214832  -0.23227 -0.853812 -0.989784  0.501704 -0.972296 -0.769179  0.691912
point 42 975 478.534 209.741  -0.796305   0.463621   0.727738 -0.0228438   0.708451  -0.126362  -0.844557   0.284826 -0.0158648  -0.304957
point 43 982 408.779 215.062  0.524176 -0.402777  0.983052 -0.120448    0.2964  0.489502  0.674281 -0.141431  0.970697   0.19319
point 44 992  445.33 162.799  0.417637 -0.692236 -0.207838  0.371439  0.942278 -0.581063 0.0558511  0.800654 -0.852141  0.930203
point 45 995 414.357 197.933 -0.949754  0.805714  0.564985  0.752124  0.990513 -0.639182  0.706414 -0.494721 -0.907374 -0.383232

