seq: 77
gt_pose:  8.36985  6.93692 -1.11652
odom_pose:  9.11084  6.48115 -1.17042
point 0 3 550.354 194.397 -0.199543  0.783059 -0.433371 -0.295083  0.615449  0.838053 -0.860489  0.898654 0.0519907 -0.827888
point 1 20 410.783 199.678 -0.485469 0.0648819 -0.824713 -0.479006  0.754768   0.37225  -0.81252 -0.777449 -0.276798  0.153381
point 2 49 616.351 103.338  -0.689327  -0.414222   0.764408  -0.267944   0.798863   0.495275 -0.0483887  -0.454026   0.893281  -0.755348
point 3 50 476.191 193.086  0.849079 -0.631868 -0.435432 -0.665669 -0.594046   0.25225 -0.647522 -0.746662 -0.544896  0.893849
point 4 75 601.505 182.899 -0.649174 -0.910541  0.919433  0.550115 -0.774071   0.72253 -0.585487  0.988392 0.0722291  0.335817
point 5 79 535.181 145.261 -0.227403 -0.719324 -0.146891  -0.79322  0.200811  0.935388 -0.781533  0.738179 -0.681351  0.605207
point 6 87 460.787 234.069  0.713652  0.819024 -0.226661  0.912222 -0.651729 -0.624614 -0.505664 -0.279671   0.83479   0.25576
point 7 96 343.209 86.4033  0.453692 -0.388025  0.291288 -0.691717 -0.819741  0.568978  0.718883 -0.354611 -0.236795  0.734643
point 8 115  603.38 157.821  -0.713552  -0.760832   0.452289   0.493271 -0.0586519  -0.576791   0.926184  -0.470895  -0.468363   0.451542
point 9 222 487.738  222.55   -0.663549    0.948795   -0.913171   -0.458395    0.490343   -0.710418 -0.00764436    0.520445    0.393025   -0.477797
point 10 244 541.272 163.623 0.0431653 -0.895202  0.513693  0.624011 -0.858383  0.717789 -0.366397  0.305536  0.155797  0.253145
point 11 270 348.488 224.257    -0.493988     0.447039    0.0731277    -0.709756 -0.000453234     0.169136     0.467936    -0.206432    -0.913555    -0.836435
point 12 276 547.577 239.517   0.531855  -0.683572  0.0752114 -0.0770754   0.254499 -0.0478764   0.292591  -0.635768  -0.449296    0.73695
point 13 290 570.516 198.792 -0.672914  0.829044 -0.769119  -0.49239 -0.674706  0.514999 -0.895023 -0.781311  0.580249 -0.971832
point 14 300 290.118 123.969 -0.147008 -0.647242 -0.665643 -0.222325 -0.213665   0.79087  0.982304 -0.532886 -0.852502  0.031942
point 15 340 521.252 138.562  0.427898 -0.388001 -0.687436 -0.101055  0.798478 -0.135643 -0.687554 -0.449847  0.534066  -0.36603
point 16 341 437.008  218.13   -0.722288     0.11791     0.30695   -0.338545    0.284443   -0.383251   -0.817473   -0.673885    0.819384 -0.00643522
point 17 383 400.763 75.3203 -0.683592 -0.328633 -0.998242 -0.677961  -0.73997 -0.133362  0.508531  0.524888  0.447511 -0.193618
point 18 390 536.594 226.674  0.321336 0.0155724  0.254602  -0.56322  0.335345   0.86228  0.298069  0.159584 -0.579669   0.43009
point 19 395 317.388 227.036  -0.700252   0.116726  -0.935986   0.958906   0.900746   0.622397  0.0481548  -0.379435 -0.0840818 0.00169671
point 20 401 499.259 209.395 0.00207019   0.543219   0.280851  -0.486941  -0.577524   0.189369   0.647174   0.824618  -0.911852  -0.581235
point 21 407 419.005 223.044  -0.708016   0.952959  -0.912045   0.661734  -0.800893 -0.0453834   0.704121  -0.939105  -0.362943  -0.465606
point 22 418 455.827 231.372  -0.920895 -0.0143145   0.299817  -0.641617   0.896507   0.764454   0.970399  -0.759259  -0.629835    0.61629
point 23 436 59.8712 190.948  0.344748  0.867661  0.197901  0.674522 -0.854457  0.391434 -0.487835 -0.459693  0.900568 -0.322562
point 24 447 594.571 16.7498  -0.364793  0.0422708  -0.943833  -0.783837   0.251046  -0.854671 -0.0592022   0.547509  -0.692115   0.615301
point 25 456 510.359 180.886  0.199062 -0.585708  0.540179 -0.504498 -0.350252  0.643875 -0.537669 -0.699898 -0.801634 -0.915805
point 26 512 485.068 165.877 -0.634193 0.0610135  0.746433  -0.34739  0.580688 -0.910602 -0.255151  0.208403 0.0479094 -0.447927
point 27 526 327.259 88.4022 -0.250017  0.957943 -0.319496 -0.821494 -0.234222  0.422569  0.925639  -0.92369 -0.550291  0.875723
point 28 556 363.329 209.686  0.988399  0.996381 -0.299242  0.544166   0.93998 -0.216248  0.466553 -0.652842   0.91528  0.235605
point 29 564 451.595 203.515 -0.631889  -0.14868   0.24385 -0.468834 -0.120378  0.500721 -0.465912 -0.957167 -0.767775  0.978964
point 30 588 555.005 232.962 -0.248526 0.0802202 -0.411392 -0.617169  0.572425  0.607324 -0.572037   0.31277 -0.173838  0.117428
point 31 590 298.115 118.111  -0.494789  -0.938953   0.676128   0.472358 -0.0331016  -0.572397  -0.447422   0.555506  -0.189567  -0.874997
point 32 605 493.164 211.526   0.921483   0.479119  -0.389221   0.336127   0.177424  -0.393901 -0.0736098  -0.111088   0.875143   0.118245
point 33 630 580.012 197.817 -0.0398604 -0.0157242  -0.345779  -0.342176   0.656443 -0.0332394   0.506484  -0.175418   0.596314  -0.699246
point 34 668 575.142 124.664 -0.566585  0.812114 -0.780023 -0.429643 -0.499277 -0.173557   0.15871 -0.497373 -0.879109 -0.548088
point 35 730 394.298 139.024  0.766776  0.396829  0.840847   0.82631  0.536854 -0.223963  -0.33946 -0.491219 -0.120748  0.987415
point 36 749 421.834 210.386 -0.633416  0.235294  0.650902 -0.701771   0.53871 0.0101142  0.731754  0.141226 -0.270936  -0.17257
point 37 765 384.682 159.786 -0.977869 -0.175112  0.562752 -0.557891 -0.397598 -0.297596   0.55069 -0.193119  0.434501  0.946034
point 38 778 488.863 224.282 -0.130899 -0.639431 -0.791487  0.728055 -0.534387 -0.883705 -0.385223   0.30321  -0.41933 -0.709572
point 39 803 628.203 73.9969 -0.759037  0.987209  0.750335 -0.560071 -0.569532  0.217455 0.0943798  0.791583  -0.27677  0.679391
point 40 809 509.255 169.129  -0.25091 -0.909769 -0.957132 -0.276385 -0.538913  -0.19373  0.834641  0.788711 -0.242036 -0.217299
point 41 813 356.979 210.212   0.640506   0.926489  -0.324421  -0.817356   0.262349   -0.76219   0.808451  -0.738862 -0.0156565   0.145644
point 42 815 631.902 173.806  0.101442 -0.220784  0.970955 -0.306813  0.708938  0.611461 -0.380323 -0.615484  0.794105  0.882025
point 43 817 569.033 171.592  -0.274231   0.523743   0.819922   0.592757   0.627347 -0.0786369  -0.628028   0.598301    0.61455   -0.91909
point 44 823 508.799 123.296 0.0508676 -0.749369 0.0661669  0.733403  0.568444 -0.535874 0.0444659   0.93055 -0.468979 -0.029999
point 45 874  351.66 207.542  -0.87658  0.255803 -0.697976  0.864108  0.262599  0.730135  0.711826 -0.667956  0.229621 -0.721258
point 46 898 571.447 233.444  0.813511 -0.610904  0.266864 0.0363978 0.0707968 -0.301128  0.532009 -0.522292 -0.116626  0.448443
point 47 926 600.699 218.458  -0.751589  -0.791486   0.909627  -0.881089 0.00084877  -0.543338  -0.396211  -0.730343  0.0485721   0.563291
point 48 939 639.177 201.227 -0.426205 -0.741321  0.567446  0.887447  0.205347 -0.923181 -0.730775  0.682368  0.137528  0.783253
point 49 951  579.52 184.224    0.17166  -0.836515  -0.121397   0.386527   0.220197 0.00337672  -0.998224      0.479  -0.172198  -0.665477

