seq: 105
gt_pose:  4.77399  4.74906 -2.59504
odom_pose:  5.59039  4.15787 -2.52871
point 0 7  330.72 159.223   -0.12088    0.84794  -0.203127   0.629534   0.368437   0.821944 -0.0350187   -0.56835   0.900505   0.840256
point 1 17 173.949 147.083  -0.439916  0.0922137   0.438537  -0.773439 -0.0570331    0.18508   0.888636 -0.0981649  -0.327298   0.695369
point 2 21 337.922 189.688  0.551535 -0.423241 -0.340716 -0.620498  0.968726 -0.992843  0.654782 -0.337042 -0.623598 -0.127006
point 3 31 310.244 219.492  -0.391429   0.777447 -0.0468307   -0.66036   0.219458  0.0514942   0.237851   0.192392  -0.532688   0.659617
point 4 35 13.6223 217.459  0.104633  0.839182  0.371973  0.619571  0.395696 -0.376099  0.291778  -0.98799 0.0659196  0.687819
point 5 36 296.604 235.305 -0.198582 -0.275691  0.437734  0.603793  0.355625 -0.694248 -0.934215 -0.872879  0.371444 -0.624767
point 6 37 369.183  218.12 -0.997749 -0.988582 -0.389522 -0.476859  0.310736   0.71511 -0.637678 -0.317291  0.334681  0.758019
point 7 39 438.761 138.003  -0.533762   0.853152   0.102886    0.86684 -0.0111862   0.105137   0.878258   0.599291   0.628277   0.188995
point 8 42  98.458 152.125  0.0300982  -0.774704   -0.02038  0.0206981  -0.903001   0.628703  -0.230683   0.275313 -0.0957552  -0.712036
point 9 44 235.415 171.842  -0.560424   0.260486   0.847025   0.475877 -0.0742955  -0.122876   0.701173   0.905324   0.897822   0.798172
point 10 53 338.636 157.562  0.778687  0.293424 -0.317035 -0.899664  0.533402   0.60666  0.397426  0.363843  0.808374 -0.374121
point 11 57 156.289 202.678  0.406373 -0.334216 -0.570952  0.518417 -0.483777  0.367148 -0.967645  0.690246  0.704822  0.201525
point 12 59 12.4942 214.299  -0.912169  -0.952274  -0.989848 -0.0254917  -0.414229   0.416525   0.640292  0.0148191 -0.0650582  -0.843484
point 13 64 159.208 197.383   0.886444   0.536411  -0.755827   -0.92347  0.0298719    -0.2014  -0.576869 -0.0947003  -0.679676  -0.383506
point 14 68 334.559 239.638  0.157625  0.343682 -0.941048  0.511891  0.199413 -0.721998 -0.712117 -0.608204  0.554821  0.688563
point 15 76 544.932 159.644   0.423812  -0.189465  -0.613015   0.675972  -0.690579   0.347296  -0.352297  -0.305607  0.0650283 -0.0855207
point 16 77 391.738 223.005 0.0822792 -0.988314 -0.462632 -0.616739  0.386741 -0.111805  -0.52728  0.306173  -0.56169 -0.301352
point 17 84 38.1712 174.836 -0.429702  0.105475   0.35051  0.915419  0.248119  0.275612 -0.134254 -0.982863  0.992083 -0.272545
point 18 89 395.402 214.939  0.576463 -0.646687 -0.349646 -0.331968  0.275812 -0.635994 -0.512945 -0.950849 -0.723773 -0.164673
point 19 103 558.055  204.69  0.432399 0.0947199  0.480901 -0.106248 -0.250051  0.116395  0.681608 -0.865075  0.407141 -0.558643
point 20 110 242.572 184.568  0.852588  0.948997 -0.608924 -0.319949 0.0753195 -0.711507 -0.573756  0.585132  0.723517  0.226092
point 21 113 257.598 206.051 -0.0290799  -0.567086   0.587757  -0.891572   0.525357  -0.347806  -0.904516   0.643684  -0.287676 -0.0396132
point 22 132 264.642 200.058  0.231871 -0.929972 -0.924136  -0.07587 -0.734885  0.861307 -0.815021  0.280225  0.855412   0.68208
point 23 148 268.437 140.506  -0.109843   -0.26309  -0.199704   0.541194 -0.0732437  -0.203421   -0.98106   0.243388   0.928497  -0.641563
point 24 156 300.156 203.636  0.275465  0.551331  -0.69478  0.369597 -0.834865   0.96063  0.145526 -0.728911 -0.935632 -0.100276
point 25 158 295.921 102.149  0.488299  0.432182  0.321931 -0.322143 -0.115444 -0.402603 -0.770812  0.189775  0.966994 -0.605677
point 26 159 263.858 213.095  0.214773 -0.987756 -0.900134 -0.153244 0.0436689  0.109778  0.978118 -0.316755 -0.404618 -0.761552
point 27 160   616.2 169.607 -0.00144476    0.348258     0.14547   -0.666326    0.566827   -0.366232    0.765857   -0.111242    0.311625   -0.349588
point 28 169  225.17 197.134  -0.580536    0.47454   0.725557  -0.258271 -0.0866607   0.488779   0.339743   0.469085  -0.695875  -0.527021
point 29 176 291.259 217.507     -0.736   0.835434  -0.133772 -0.0382378   0.376799  -0.447313  -0.910408   0.256382   0.704783   0.116574
point 30 179  179.44 208.871 0.00629616  -0.839189  0.0844932   0.801791   0.703573   0.366906  -0.338707  -0.797893   -0.21148   0.787819
point 31 189 507.879 226.265   0.944388 -0.0442758  -0.955454  -0.852352 -0.0904063   0.854488   0.702408  -0.431292  -0.388881   0.169044
point 32 198 122.575 237.284  0.901787  0.580917  -0.33954 -0.568724  0.985537 -0.796094  0.896412 -0.939148 -0.705186  0.321051
point 33 202 160.794 153.369 -0.551324 -0.194272  0.248272  0.341975  0.134538  0.796943  0.609249  -0.20802  0.135297 -0.158426
point 34 226 443.268 156.202 -0.0262535   0.472183   0.547006   0.619006   0.925916   0.482458  -0.940886  -0.826409 -0.0763676   0.436199
point 35 229 568.519  173.91  0.968528 0.0750718  0.272564 -0.717869  0.975184  0.156013  0.476047 -0.371207  0.157548 0.0707208
point 36 240   309.4 185.717 -0.530628 -0.612642  0.611599  0.810904  0.798053  0.720474 -0.521382 -0.721557 -0.992283  0.651193
point 37 259 29.3694 200.332  0.193008  0.666363 0.0927851  0.475111 -0.423348 0.0427716  -0.72605  0.435016 -0.882414 -0.588014
point 38 267 632.083 181.501 -0.172969 -0.931947  0.599833 0.0400231 -0.112678 -0.119083  0.868957  0.994903 -0.471001 -0.800306
point 39 280 142.399 230.288  -0.241978   0.143178   0.553871  -0.138676  -0.320796  -0.377717   0.822066   0.838351 -0.0976505   0.778525
point 40 286 77.5961 180.679 -0.760072 -0.486215 -0.436706 -0.224026  0.050745   0.34627  0.881768 -0.887554 -0.954168  0.720592
point 41 290 38.6244 169.064 -0.672914  0.829044 -0.769119  -0.49239 -0.674706  0.514999 -0.895023 -0.781311  0.580249 -0.971832
point 42 296 179.375  176.01 -0.00636399   -0.584575    -0.36393    0.304101   -0.193619    0.603205   -0.665466    0.968772   0.0340513   -0.348282
point 43 304 344.246 102.803  0.510067 -0.563739 -0.407935 -0.382448  0.990447  -0.20944  0.699701   0.53523 -0.538621  -0.42421
point 44 313 150.031 147.391   0.116608   0.331907    0.15694   0.105878   0.469364   0.693325   -0.42406  -0.605678 -0.0889612   0.407338
point 45 315 237.592 186.917 -0.843146 -0.360448 -0.944335  0.108137 -0.365138  0.172273 -0.559957  0.791802 -0.721849  0.909408
point 46 319 142.194  179.86 -0.964424  0.242944  0.598827 -0.235542 -0.715353  0.159202  0.696964  -0.32369 -0.978992  0.365484
point 47 320 500.748 221.134     -0.11852     0.658588     0.986127   -0.0218225     0.586611     0.160737   -0.0157173 -0.000238776     0.189437     0.294118
point 48 325 35.4526 165.259 -0.204606 -0.293611 -0.620574  0.119343  0.210311 -0.342854  -0.26259 -0.476689 -0.585566 -0.981845
point 49 327 81.5414 218.455 -0.335786 -0.976615 -0.252671  0.866443  0.314528  0.542723 -0.427168  0.693954 -0.337934  0.783143
point 50 343 140.496 110.717 -0.0194843  -0.958109  -0.362872  -0.836531  -0.210987 -0.0851599   0.281379  -0.904037   0.576295  -0.434178
point 51 344 557.172 231.991  -0.467904  -0.247613   0.108737  -0.685334   0.862874   0.784842  -0.350078  -0.368495   0.676061 -0.0805489
point 52 353 127.093 153.275   -0.53821  -0.241297   0.966817  -0.299916  -0.308494   0.319435 -0.0608006  -0.557971  -0.426072   0.118989
point 53 367 240.722 154.408  -0.685628  -0.898822   0.895947   -0.43948  -0.480146   0.686717  -0.338598 -0.0455099  -0.557105  -0.786587
point 54 398 173.979  229.22 -0.831256  0.884638 -0.658704  0.416883  -0.97504  0.587585  0.682639  0.882647  0.299235 -0.713947
point 55 402 527.863 215.905    0.299441   -0.266976 -0.00990885    0.981139    0.469097   0.0484805   -0.101318    0.457996    0.989811   -0.327363
point 56 404  527.36 172.384 -0.0413483  -0.928209   0.190487  -0.413969  -0.161721  -0.510072   0.319055    0.82837  -0.528933  -0.211848
point 57 430 600.114 197.047 -0.018653  0.522761 -0.786063 -0.801091   0.24213 -0.268059  0.268841 -0.165368 -0.123296  0.986404
point 58 448 149.582 213.807  0.851063 -0.435679 -0.809644  -0.65209  -0.29962   0.71618 -0.402194  -0.71381  0.632019 -0.394802
point 59 450 579.396 123.257    0.437861    0.226384    0.663394   -0.570037    0.967678    0.514457 -0.00571609   -0.841966    0.862367    0.694664
point 60 454 319.365 154.389 -0.896303  0.966829  0.650354 -0.445509  0.621863  0.735537  0.789661 -0.593126  0.431804  0.356717
point 61 458 630.616 135.865 -0.789868  0.198694 -0.779928  0.349745   0.55264  0.419134  0.764037 0.0928183  0.914636 -0.586214
point 62 463 120.539 164.112   0.555612 -0.0635031  -0.323061   0.546593   -0.80524   0.271691   0.951359  -0.810283  -0.756589  0.0700127
point 63 469 169.779 181.222 -0.0936731   -0.83534   0.944794   0.955683  -0.127341  -0.466801   -0.79611   0.778958   0.193467   -0.89758
point 64 478 477.375 210.754  0.165984 -0.714991  0.503757  0.802579 -0.413575 -0.401238   0.23094  0.139862 -0.403314  0.838118
point 65 495 331.35 173.91   0.230124   0.670537  -0.112265   0.448592  -0.477599  -0.655942   0.987854  -0.599509 -0.0770482    0.11251
point 66 506 324.558 209.872  0.0570979   0.298157 -0.0329808  -0.586699  -0.951868  -0.636283  -0.695073  -0.596589   0.738513   0.521662
point 67 519 208.355 168.309  0.384653  0.440501   0.56344  0.156334  0.709064 -0.828902 -0.884813  0.884342 -0.333832  0.469616
point 68 520    522 160.44 -0.292163 -0.870239  0.363799  0.371776  0.863985   0.41306  0.413762  0.135915  0.274392 -0.190288
point 69 532 122.231 204.352 -0.849612  0.374344  0.802779   0.84319  0.718721  0.747208  0.211618 -0.477605  0.935741 -0.463259
point 70 561 507.392 226.665 -0.901468 -0.321224  0.762173 -0.139413 -0.933921 -0.734849 -0.141754 -0.936109 -0.385877  0.688644
point 71 573 177.416 176.913  0.893951 -0.240427  0.252159 -0.459052 -0.280533 0.0532347  -0.67123 -0.990219 -0.309295  0.608814
point 72 578 345.178  206.74 -0.0117552   -0.22775   -0.28538   0.229583  -0.744161   0.503275  0.0797361  -0.946488 -0.0893854   0.163092
point 73 581 195.774 238.443 -0.682051 -0.490977 -0.294158  0.970024 -0.958249 -0.130992 -0.135839 -0.769444  0.882317 -0.136955
point 74 591 301.326 197.596  0.988993 -0.644176  0.621343 0.0971595 -0.440802 -0.269265  0.944689  0.218569  0.014178 -0.536388
point 75 599 376.929 213.388  -0.415667   0.256981     0.6962   0.149527   0.053151   0.980456  -0.145336 -0.0911871  -0.117177   0.533821
point 76 603 337.22 19.178   0.99532  0.590263  0.711488  0.269044 -0.808145  0.399902 -0.867165  0.794583 -0.559657  0.663432
point 77 622 373.303 165.041  -0.437378  -0.970712   0.447469 -0.0850171  -0.976981  0.0142802   0.648431    0.90451  -0.222876  -0.669304
point 78 629 57.1614 178.398 -0.427359  0.775921  0.652124 -0.909509  0.958261 -0.279309  0.999391 -0.668829  0.181551 -0.796148
point 79 655  254.13 219.167   -0.1118  0.694693  0.456766   -0.5967 -0.577949 -0.451614 -0.955974 -0.687135 -0.853858  0.842232
point 80 658 276.978 220.977   0.372091  0.0743567 -0.0935449  -0.313566   0.182262   0.992905   0.618629   0.611527  -0.794545    0.53586
point 81 667 214.128 193.352 -0.940505 -0.600729 -0.238767 -0.580786  0.748244  -0.73098 -0.496437  0.723859  0.554307  0.406393
point 82 669 463.826 234.877   0.483372   0.656269  -0.716335  -0.468197   0.183675   -0.65684 -0.0689257   0.944908  -0.237626  -0.320682
point 83 681 26.1972 193.913 -0.274985  0.572889  0.186375  0.444509 -0.758508  0.172914 -0.800205  0.427282 -0.126281 -0.855589
point 84 697 14.4625 195.087  0.171102 -0.768509 -0.490057  0.945664  0.498485 -0.759256 -0.273491 -0.145119 -0.192172 -0.816709
point 85 709 70.4874 214.154  0.937153 -0.879094 -0.981195 -0.979103  0.494458  0.812171  0.773809  0.502087  0.177656 -0.485632
point 86 777  199.08 208.732  -0.618019   0.647359  -0.295216   -0.46367   0.597632  -0.260034  -0.304197   0.560956 -0.0307597  0.0843846
point 87 804 84.7692 151.084 -0.795487 -0.720086 -0.686969 -0.575654  0.538002  0.703765 -0.111635  0.464928  -0.56808  0.136501
point 88 806 342.099 238.067     0.8396 -0.0115108  -0.542699  0.0880128  -0.685314  -0.338185   0.367926  -0.372283  0.0861604 -0.0940711
point 89 815 147.854 167.802  0.101442 -0.220784  0.970955 -0.306813  0.708938  0.611461 -0.380323 -0.615484  0.794105  0.882025
point 90 832  438.91 190.115  0.669425  0.965574 -0.356171  0.665518  0.723327 -0.508353 -0.688937  0.802059 -0.798718 -0.868311
point 91 837 23.4968 31.7554 -0.096301  -0.22972 -0.509116 -0.342164  -0.79133  0.175313 -0.456338 -0.375722 -0.831941 -0.453364
point 92 847 485.293  202.54  0.117484  0.480253  0.366144   0.95388 -0.761578 -0.733749 -0.345913 -0.859124 -0.818209  0.193215
point 93 867 173.925  214.86   0.998324   0.105745  0.0862737   0.594672  -0.449394 -0.0394911    -0.7548  -0.387831   0.649842 -0.0564423
point 94 877 536.608 153.229 -0.698683  0.876748  0.746952 -0.954643 -0.131184 -0.989386  0.860171 -0.614945  0.406594  0.438314
point 95 878 293.109 231.782  -0.965168  0.0160025  -0.959596  0.0446268 -0.0244993   0.471784   0.384076  -0.125848  -0.745689  -0.576388
point 96 881 309.602 203.794  0.319909  0.615612  0.414649  0.612549  0.380785 -0.802948  0.206118 -0.782346 -0.422539 -0.567341
point 97 882 110.969 204.905 -0.460616  0.960591 -0.609741  0.583099  0.471618  -0.21904 -0.934873 -0.799917  -0.56627  0.618537
point 98 885 52.2735 160.152   0.860286  -0.660656  -0.115345 -0.0372115   0.551696   0.655959   0.709564   0.829646   0.619264 -0.0252347
point 99 886 92.3885 98.4169 -0.362087 -0.842118 -0.468483 0.0544382  0.335238  0.985881  0.903623  0.868435 -0.725138 -0.841041
point 100 905 245.665 71.7634  -0.96694  0.123211  0.476778 -0.382044  0.674013  0.280002 -0.834053  0.652308 0.0661361   0.15474
point 101 910 252.353 160.145   -0.931117     0.63372    0.456095 -0.00985324    0.642471    0.472266   0.0661508    0.592692     0.77206    0.363984
point 102 927  248.62 202.696   -0.03407   0.870361   0.574175   0.381922   -0.88602   0.373035 -0.0171531  -0.378772   0.737805   0.922747
point 103 928 125.621 175.296 -0.160221  0.886654 -0.824488 -0.898695 -0.269928 -0.576077 -0.690181 -0.360302 -0.457166  0.310668
point 104 929 288.845 196.123 -0.855068 -0.290085 -0.258897  0.212723  0.231102  0.707033  0.083084 -0.194724 0.0889554  0.197064
point 105 953 559.694 140.105  0.0364577   0.555652   0.767362  -0.606662  -0.121735 -0.0609784  -0.443177   0.756868  -0.674452    0.77702
point 106 963 148.665 194.567 -0.0250311   -0.80992  -0.385503   0.413624  -0.890219    0.26532   0.938122  -0.916241  -0.188038   0.485644
point 107 968 371.681 146.356  0.0707698  -0.385812  0.0864311  -0.069716    0.93266   -0.20925  -0.724557 -0.0435116  -0.647863  -0.970503
point 108 971 144.709 204.829    0.683682 -0.00590533    0.276129   -0.692478    0.992478  -0.0830001    0.349253    0.969964    0.785632   -0.163421
point 109 972  543.68 107.919  -0.703872   -0.52895   0.964815 -0.0106197  -0.990227  -0.556681   -0.75033  -0.302126  -0.698704   0.704034
point 110 979 277.361 158.289 0.0400809  0.470501   -0.1505  0.457585  0.206553  0.357194 -0.551792 -0.154997  0.624475 -0.290177
point 111 989 225.396 237.364  -0.684991   0.304373   0.477344  -0.594265 -0.0762612  -0.562557  -0.151368   0.511633   0.531866   -0.49773
point 112 997 353.831 233.992   0.957896  -0.947002 -0.0411545   0.833408  -0.436345 0.00909197   0.639122   -0.87136  -0.238784   0.629636

