seq: 1
gt_pose: 0.200426        0        0
odom_pose:   0.200147 0.00177571   0.018434
point 0 6 539.005 183.622 -0.668052 -0.119791   0.76015  0.658402 -0.339326 -0.542064  0.786745  -0.29928   0.37334  0.912936
point 1 14 463.689 126.449  -0.80072 0.0616159  0.514588  -0.39141  0.984457  0.153942  0.755228  0.495619   0.25782 -0.929158
point 2 15 56.6646 172.771    0.746543    0.662075    0.958868    0.487622    0.806733    0.967191    0.333761 -0.00548297   -0.672064    0.660024
point 3 17 305.329 110.546  -0.439916  0.0922137   0.438537  -0.773439 -0.0570331    0.18508   0.888636 -0.0981649  -0.327298   0.695369
point 4 35 518.356 215.216  0.104633  0.839182  0.371973  0.619571  0.395696 -0.376099  0.291778  -0.98799 0.0659196  0.687819
point 5 36 59.0447 233.228 -0.198582 -0.275691  0.437734  0.603793  0.355625 -0.694248 -0.934215 -0.872879  0.371444 -0.624767
point 6 38 572.234 136.007   -0.62747  -0.685722 0.00692201   0.657915   0.351308    0.80834  -0.617777  -0.210957   0.412133   0.737848
point 7 42 301.939 173.805  0.0300982  -0.774704   -0.02038  0.0206981  -0.903001   0.628703  -0.230683   0.275313 -0.0957552  -0.712036
point 8 44 174.981 157.294  -0.560424   0.260486   0.847025   0.475877 -0.0742955  -0.122876   0.701173   0.905324   0.897822   0.798172
point 9 45 441.289 234.645  -0.561728 -0.0448976   0.899641 -0.0676628   0.768636   0.934554  -0.632469  -0.083922   0.560448   0.532895
point 10 53 66.3384 196.226  0.778687  0.293424 -0.317035 -0.899664  0.533402   0.60666  0.397426  0.363843  0.808374 -0.374121
point 11 54 476.467 192.089 -0.621873  0.182221 -0.893121 -0.797092  -0.68545 -0.511703 -0.727659  0.178237 -0.883895  0.779106
point 12 56 556.214 199.452   0.26717 0.0763506 -0.966699  0.863036 -0.304908 -0.588572 0.0452573 -0.198029 -0.385663  0.359807
point 13 57 401.518 173.538  0.406373 -0.334216 -0.570952  0.518417 -0.483777  0.367148 -0.967645  0.690246  0.704822  0.201525
point 14 59 449.598 216.735  -0.912169  -0.952274  -0.989848 -0.0254917  -0.414229   0.416525   0.640292  0.0148191 -0.0650582  -0.843484
point 15 61 109.468 165.193  0.157225  0.472924  0.487454  0.845144 -0.807192  0.575285   0.89287 -0.797039 -0.450207 -0.521358
point 16 64 284.942 194.447   0.886444   0.536411  -0.755827   -0.92347  0.0298719    -0.2014  -0.576869 -0.0947003  -0.679676  -0.383506
point 17 69 584.181 212.124  -0.374021  -0.788847   0.776866  -0.795533 -0.0404457  -0.459359  -0.600552  -0.424527   0.315286   0.894002
point 18 84 453.344 173.633 -0.429702  0.105475   0.35051  0.915419  0.248119  0.275612 -0.134254 -0.982863  0.992083 -0.272545
point 19 89 60.4002 231.746  0.576463 -0.646687 -0.349646 -0.331968  0.275812 -0.635994 -0.512945 -0.950849 -0.723773 -0.164673
point 20 106 38.2412 234.376 -0.209368  0.978966 0.0665052 -0.121585  0.435557  0.159531 -0.183166   -0.9717  0.497884 -0.109531
point 21 110 214.979 87.8358  0.852588  0.948997 -0.608924 -0.319949 0.0753195 -0.711507 -0.573756  0.585132  0.723517  0.226092
point 22 113 140.467 188.295 -0.0290799  -0.567086   0.587757  -0.891572   0.525357  -0.347806  -0.904516   0.643684  -0.287676 -0.0396132
point 23 115 272.811 178.552  -0.713552  -0.760832   0.452289   0.493271 -0.0586519  -0.576791   0.926184  -0.470895  -0.468363   0.451542
point 24 119 530.338 195.552  -0.39555 -0.433723  0.819057 -0.364152  0.784636  0.457805  0.913222 -0.491135 -0.781326  0.395482
point 25 120 237.898   189.7 -0.976509  0.160097  0.687787 -0.546377  0.630587  0.577181 -0.664703  0.282376 -0.906305  0.312197
point 26 130 40.1124 174.913  0.785443  0.260849   0.01511  0.994105  0.497101 -0.288984   0.96396 -0.910018 -0.472767 -0.530971
point 27 132 127.089 150.146  0.231871 -0.929972 -0.924136  -0.07587 -0.734885  0.861307 -0.815021  0.280225  0.855412   0.68208
point 28 134 137.569 173.427 -0.320536  0.102604  0.432494  0.855246  0.693223 -0.335636  0.925274  0.769087  0.588494 -0.809611
point 29 140 178.222 193.718 -0.484123 -0.101959  0.631811  0.100988  0.821452 -0.758332  0.377152 -0.607818 -0.358456  0.887305
point 30 148 116.342 68.8983  -0.109843   -0.26309  -0.199704   0.541194 -0.0732437  -0.203421   -0.98106   0.243388   0.928497  -0.641563
point 31 152 539.641 162.103  0.0574107   0.463877  -0.622497  -0.587906   0.931765   -0.52355 -0.0997668   0.629589   0.790249   0.290906
point 32 157 31.5778 237.132 0.00991201   0.131362   0.639576   0.485604   -0.73967  -0.962024   0.252202   0.606869  -0.722665   0.500674
point 33 158 88.0933 131.848  0.488299  0.432182  0.321931 -0.322143 -0.115444 -0.402603 -0.770812  0.189775  0.966994 -0.605677
point 34 159 136.482 130.859  0.214773 -0.987756 -0.900134 -0.153244 0.0436689  0.109778  0.978118 -0.316755 -0.404618 -0.761552
point 35 161  101.79 172.199    0.453149    0.935137 -0.00940692   -0.434331   -0.399451   -0.794634   -0.422087   -0.299585   0.0521224    0.621582
point 36 165 197.999  22.429   0.475223  -0.779634   0.428466   0.599356  -0.722633   0.633335  -0.626099   0.820523   0.379017 -0.0113657
point 37 169 214.677 172.071  -0.580536    0.47454   0.725557  -0.258271 -0.0866607   0.488779   0.339743   0.469085  -0.695875  -0.527021
point 38 170 187.024 237.286  0.130379 -0.347084  0.229718  0.134605  0.786518 -0.196228 -0.872535  0.736948  0.437662  0.714286
point 39 179 289.546 197.844 0.00629616  -0.839189  0.0844932   0.801791   0.703573   0.366906  -0.338707  -0.797893   -0.21148   0.787819
point 40 198 451.179  235.64  0.901787  0.580917  -0.33954 -0.568724  0.985537 -0.796094  0.896412 -0.939148 -0.705186  0.321051
point 41 202 295.246 140.104 -0.551324 -0.194272  0.248272  0.341975  0.134538  0.796943  0.609249  -0.20802  0.135297 -0.158426
point 42 259  398.32 207.541  0.193008  0.666363 0.0927851  0.475111 -0.423348 0.0427716  -0.72605  0.435016 -0.882414 -0.588014
point 43 261 547.352 204.848   0.866622    0.43434    0.98625  -0.314005  -0.191358   0.179258  -0.647641   0.901427  -0.345632 -0.0709891
point 44 280 301.735 230.105  -0.241978   0.143178   0.553871  -0.138676  -0.320796  -0.377717   0.822066   0.838351 -0.0976505   0.778525
point 45 286 430.322 172.036 -0.760072 -0.486215 -0.436706 -0.224026  0.050745   0.34627  0.881768 -0.887554 -0.954168  0.720592
point 46 290 347.789 190.606 -0.672914  0.829044 -0.769119  -0.49239 -0.674706  0.514999 -0.895023 -0.781311  0.580249 -0.971832
point 47 296  406.79 93.1551 -0.00636399   -0.584575    -0.36393    0.304101   -0.193619    0.603205   -0.665466    0.968772   0.0340513   -0.348282
point 48 301 462.687 139.844  0.120047 -0.502016 -0.993436  0.433097  -0.95481 -0.670471 -0.602135  0.494314 -0.733372 0.0666969
point 49 310 14.6751 159.584  0.589489  0.178854 -0.651341 -0.814686  0.653497 -0.212735 -0.855611 -0.342811  0.796955 -0.619376
point 50 313 351.362 111.853   0.116608   0.331907    0.15694   0.105878   0.469364   0.693325   -0.42406  -0.605678 -0.0889612   0.407338
point 51 315 144.928 209.335 -0.843146 -0.360448 -0.944335  0.108137 -0.365138  0.172273 -0.559957  0.791802 -0.721849  0.909408
point 52 316 379.008 183.683  -0.603834  -0.738571  -0.941274  -0.496732  -0.467398 -0.0419701  -0.382965  -0.167471  -0.291014  -0.686677
point 53 319  364.21 157.677 -0.964424  0.242944  0.598827 -0.235542 -0.715353  0.159202  0.696964  -0.32369 -0.978992  0.365484
point 54 325 232.431 214.786 -0.204606 -0.293611 -0.620574  0.119343  0.210311 -0.342854  -0.26259 -0.476689 -0.585566 -0.981845
point 55 327 500.381 209.078 -0.335786 -0.976615 -0.252671  0.866443  0.314528  0.542723 -0.427168  0.693954 -0.337934  0.783143
point 56 343  139.33 226.877 -0.0194843  -0.958109  -0.362872  -0.836531  -0.210987 -0.0851599   0.281379  -0.904037   0.576295  -0.434178
point 57 353 248.382 184.569   -0.53821  -0.241297   0.966817  -0.299916  -0.308494   0.319435 -0.0608006  -0.557971  -0.426072   0.118989
point 58 367 202.942 49.8436  -0.685628  -0.898822   0.895947   -0.43948  -0.480146   0.686717  -0.338598 -0.0455099  -0.557105  -0.786587
point 59 374 636.707 190.844  0.580589 -0.359979  0.288874 -0.648393  0.429126 -0.914091 -0.760813  -0.59036 -0.447415 -0.802178
point 60 396 219.594 170.429  0.246289 -0.734244  0.857687  0.711649 -0.396586 -0.335372 -0.788246 -0.406796  0.361242  0.623127
point 61 398 419.024 215.707 -0.831256  0.884638 -0.658704  0.416883  -0.97504  0.587585  0.682639  0.882647  0.299235 -0.713947
point 62 411 15.7457  229.52  0.464326  0.927597  0.861715  0.970264  0.403908  -0.56554  0.858937 -0.298863 -0.827988 -0.041285
point 63 444 587.989 173.441   0.584338   -0.92837   0.463901  -0.637274 0.00922883   -0.72887   0.968973   0.315595  -0.107216   0.540424
point 64 446 541.427  163.96    0.525824   -0.750104     0.58581    0.915839   -0.992607    0.170148    0.987469    0.471293    0.532874 -0.00330192
point 65 448 324.877 208.046  0.851063 -0.435679 -0.809644  -0.65209  -0.29962   0.71618 -0.402194  -0.71381  0.632019 -0.394802
point 66 449 52.1425 160.138 -0.0107875  -0.383813   0.818915  -0.508941 -0.0715201  -0.545878    0.53333 -0.0153535  -0.329715  -0.215624
point 67 452  583.72 177.092  -0.914817    0.23517  -0.214989   0.696266   0.567056  -0.777128 -0.0773502    0.23045  -0.347165  -0.109672
point 68 463 462.782 115.668   0.555612 -0.0635031  -0.323061   0.546593   -0.80524   0.271691   0.951359  -0.810283  -0.756589  0.0700127
point 69 468 583.872 167.052  0.493325 -0.286603 -0.492875   0.52588   0.16197  0.503695 -0.371551 -0.269725 -0.823443 -0.330788
point 70 469 389.374 125.901 -0.0936731   -0.83534   0.944794   0.955683  -0.127341  -0.466801   -0.79611   0.778958   0.193467   -0.89758
point 71 481  576.21 225.269 -0.883443 -0.844865  0.374837 -0.562485 -0.300504 0.0849587 -0.188523 -0.837117 -0.426183  0.211366
point 72 482 541.421 217.119  0.507578  0.399546   0.24959  0.179945 -0.361838 -0.523488  0.236396 -0.244324  0.268875 -0.346252
point 73 487 33.6244 175.624 -0.831057  0.991676 -0.717482 -0.914122 0.0256946  0.635679  -0.34344 -0.901112  0.335089   -0.1979
point 74 516 26.2808 214.395   0.163052  -0.589119  -0.796219  -0.826087  -0.149007   0.619725  -0.619639 -0.0248603  -0.834804  -0.548754
point 75 519  330.78 59.0803  0.384653  0.440501   0.56344  0.156334  0.709064 -0.828902 -0.884813  0.884342 -0.333832  0.469616
point 76 532 476.951 178.461 -0.849612  0.374344  0.802779   0.84319  0.718721  0.747208  0.211618 -0.477605  0.935741 -0.463259
point 77 540 603.991 184.557  0.957021  0.561908  0.706874 -0.506401 -0.320754  0.965153  0.376592   0.89748 -0.924852  0.347951
point 78 571 447.302 170.767  0.801076  0.787821  0.290315   0.63747  0.280045 -0.695697  0.927979 -0.375611  0.535947 -0.284564
point 79 573 336.714 133.134  0.893951 -0.240427  0.252159 -0.459052 -0.280533 0.0532347  -0.67123 -0.990219 -0.309295  0.608814
point 80 581 150.468 239.547 -0.682051 -0.490977 -0.294158  0.970024 -0.958249 -0.130992 -0.135839 -0.769444  0.882317 -0.136955
point 81 588  333.08 232.503 -0.248526 0.0802202 -0.411392 -0.617169  0.572425  0.607324 -0.572037   0.31277 -0.173838  0.117428
point 82 603 84.8134 160.784   0.99532  0.590263  0.711488  0.269044 -0.808145  0.399902 -0.867165  0.794583 -0.559657  0.663432
point 83 629 428.218 176.744 -0.427359  0.775921  0.652124 -0.909509  0.958261 -0.279309  0.999391 -0.668829  0.181551 -0.796148
point 84 639 617.486 210.975  -0.779996   0.813062  -0.357626  -0.359384   0.784124   0.647352 -0.0206546  -0.820658  0.0840378  -0.670606
point 85 646 342.021 226.783 -0.336279  0.631708  0.785692  0.782272  0.374045 -0.721866 -0.334157  0.814903  0.278231  0.493775
point 86 655 147.107 209.336   -0.1118  0.694693  0.456766   -0.5967 -0.577949 -0.451614 -0.955974 -0.687135 -0.853858  0.842232
point 87 658 95.2503 207.154   0.372091  0.0743567 -0.0935449  -0.313566   0.182262   0.992905   0.618629   0.611527  -0.794545    0.53586
point 88 664 525.537 201.115 -0.460469 -0.897424  0.301542  0.897874 -0.258667 -0.357734 -0.390877  0.389051 -0.177514  0.350839
point 89 667  275.74 143.605 -0.940505 -0.600729 -0.238767 -0.580786  0.748244  -0.73098 -0.496437  0.723859  0.554307  0.406393
point 90 673 608.244 237.854  -0.470702   0.677374 -0.0404829  -0.263984   0.563969  0.0136186   0.394646  -0.505373  -0.414367  0.0999312
point 91 681 360.427 207.872 -0.274985  0.572889  0.186375  0.444509 -0.758508  0.172914 -0.800205  0.427282 -0.126281 -0.855589
point 92 697 409.501 204.028  0.171102 -0.768509 -0.490057  0.945664  0.498485 -0.759256 -0.273491 -0.145119 -0.192172 -0.816709
point 93 709 415.475 212.831  0.937153 -0.879094 -0.981195 -0.979103  0.494458  0.812171  0.773809  0.502087  0.177656 -0.485632
point 94 717 123.643 183.515  0.973209  0.656893 -0.909723 -0.257887 -0.357633 -0.704345 -0.648674   0.72541 -0.382137  0.659432
point 95 731 546.679 226.822 -0.315732  0.371601  0.340217 -0.853689 -0.642385   0.94112  0.753138  0.795748  0.562694 -0.821316
point 96 743 603.916 216.126   0.153459  -0.567799   0.871945   0.288267   0.695705  -0.269794  -0.458443 -0.0827979  -0.246913  -0.438148
point 97 771 348.943 226.936  0.212909 -0.414764  0.782519  0.959326 -0.637233  0.865461  0.673005 -0.238837  -0.42424 -0.635409
point 98 777 371.255  158.81  -0.618019   0.647359  -0.295216   -0.46367   0.597632  -0.260034  -0.304197   0.560956 -0.0307597  0.0843846
point 99 791 588.294 184.975  0.699802 -0.618759 -0.797212 -0.591083  0.974358 -0.469598  0.424114  0.590978  0.506498 -0.446266
point 100 804  207.41 210.431 -0.795487 -0.720086 -0.686969 -0.575654  0.538002  0.703765 -0.111635  0.464928  -0.56808  0.136501
point 101 815 411.879 116.161  0.101442 -0.220784  0.970955 -0.306813  0.708938  0.611461 -0.380323 -0.615484  0.794105  0.882025
point 102 821 562.425 191.462  0.397959  0.311063 -0.637894 -0.933105  0.925535 -0.174256  0.488085 -0.817715 -0.415788  0.428571
point 103 837 262.673 155.067 -0.096301  -0.22972 -0.509116 -0.342164  -0.79133  0.175313 -0.456338 -0.375722 -0.831941 -0.453364
point 104 846 199.278 233.108   0.462907   0.292218   0.401816  -0.864825  -0.924028 -0.0529982  -0.704459  -0.271302  -0.372097   0.223167
point 105 867 303.457 205.339   0.998324   0.105745  0.0862737   0.594672  -0.449394 -0.0394911    -0.7548  -0.387831   0.649842 -0.0564423
point 106 868 15.3639  197.36   0.664433  -0.385111    -0.8638 -0.0188704  -0.655458  -0.400961   0.876895  -0.888216 -0.0105632   0.538519
point 107 878 54.0822 225.514  -0.965168  0.0160025  -0.959596  0.0446268 -0.0244993   0.471784   0.384076  -0.125848  -0.745689  -0.576388
point 108 882 414.265   193.7 -0.460616  0.960591 -0.609741  0.583099  0.471618  -0.21904 -0.934873 -0.799917  -0.56627  0.618537
point 109 885 450.021 154.192   0.860286  -0.660656  -0.115345 -0.0372115   0.551696   0.655959   0.709564   0.829646   0.619264 -0.0252347
point 110 886 227.933 179.178 -0.362087 -0.842118 -0.468483 0.0544382  0.335238  0.985881  0.903623  0.868435 -0.725138 -0.841041
point 111 903 559.268 188.216   0.803224   0.547991   0.978295   0.786134 -0.0112064  -0.710838   0.217488  0.0670888   -0.89949 0.00686336
point 112 905 139.634 135.082  -0.96694  0.123211  0.476778 -0.382044  0.674013  0.280002 -0.834053  0.652308 0.0661361   0.15474
point 113 910 137.53 174.99   -0.931117     0.63372    0.456095 -0.00985324    0.642471    0.472266   0.0661508    0.592692     0.77206    0.363984
point 114 918 626.807 223.113 -0.835121  0.169259   0.57995  0.177405 -0.359777 -0.774065 -0.586768  0.880537 -0.163871 -0.276208
point 115 920  211.45 213.503   -0.9033  0.696812   -0.3423 -0.349221 -0.425908 -0.177421  0.820038 -0.845958  0.999984  -0.53974
point 116 927 218.933  97.232   -0.03407   0.870361   0.574175   0.381922   -0.88602   0.373035 -0.0171531  -0.378772   0.737805   0.922747
point 117 928 254.173 197.215 -0.160221  0.886654 -0.824488 -0.898695 -0.269928 -0.576077 -0.690181 -0.360302 -0.457166  0.310668
point 118 935 484.711  230.29  -0.719019  -0.916792   0.246538   0.963125  -0.633256   0.512292   0.306858   0.825865  -0.760669 -0.0481229
point 119 939 263.409 211.305 -0.426205 -0.741321  0.567446  0.887447  0.205347 -0.923181 -0.730775  0.682368  0.137528  0.783253
point 120 963 300.962 191.459 -0.0250311   -0.80992  -0.385503   0.413624  -0.890219    0.26532   0.938122  -0.916241  -0.188038   0.485644
point 121 971 341.861 195.379    0.683682 -0.00590533    0.276129   -0.692478    0.992478  -0.0830001    0.349253    0.969964    0.785632   -0.163421
point 122 979 81.2067 29.8137 0.0400809  0.470501   -0.1505  0.457585  0.206553  0.357194 -0.551792 -0.154997  0.624475 -0.290177
point 123 989 196.982 236.593  -0.684991   0.304373   0.477344  -0.594265 -0.0762612  -0.562557  -0.151368   0.511633   0.531866   -0.49773

