seq: 49
gt_pose: 4.69473 5.88418 1.45456
odom_pose: 5.26875 5.68446 1.29481
point 0 22 587.624 171.814  0.398151 -0.757714  0.371572 -0.232336  0.548547  0.886103  0.832546  0.723834 -0.592904  0.587314
point 1 40 220.077 153.185  -0.350917   0.748619   0.178313   0.275542   0.518647   0.550843    0.58982  -0.474431   0.208758 -0.0588716
point 2 83 530.497 138.266  0.641851  0.936789 0.0175978 -0.990547 -0.623504 -0.425621  0.255036 -0.476228  0.497357 -0.927008
point 3 135   456.5 147.148 0.485805 0.455553 0.461855 0.305176 0.227615 0.980329 0.593576 0.406832  0.35542 0.691053
point 4 136 457.342 102.709 -0.417624  0.146155  0.691266 -0.994755  0.374588  -0.62927  0.107849 -0.192919 -0.774024 -0.198928
point 5 180 108.756 37.0785 -0.149279  -0.52725  -0.69325 -0.701603  0.118669 -0.999189 -0.124666 -0.152447 -0.161619 -0.242068
point 6 190 109.042 214.857   0.380134   0.690649 -0.0789292   0.792111   0.488414   0.516982  0.0600868  -0.869873   0.368619   -0.49211
point 7 191 240.568 190.296  -0.886262  -0.850989  -0.887078   0.743702 -0.0206882   -0.94269  -0.300574  0.0238575  -0.795043    0.60902
point 8 205 0.264444  165.659  -0.82374 -0.236689 -0.188512 -0.769172  0.497672  0.153202  0.190203 -0.671276  0.381834  0.115238
point 9 214 197.921 146.712   -0.71555  -0.534099  -0.691213  -0.146918   0.189664 -0.0762202   0.764484  -0.784523 -0.0549859  -0.447619
point 10 239 104.205 135.738 -0.433357 -0.898067 -0.796529  0.180707  0.604524  0.159357  0.224304  0.264031  0.183293 -0.571254
point 11 241 592.409 155.905  0.257679  0.170461  0.609192 0.0663304  0.657976 -0.824166  0.168264  0.861447  0.356542 -0.227212
point 12 243 535.237 151.786   0.959332   0.574005   0.839737   0.803005   0.901597  0.0974165 -0.0265338   0.510789  -0.836253  -0.368558
point 13 248 457.043  166.73 0.0464324   0.78026  0.565266  0.218137 0.0724853  0.172607 -0.978717 -0.948666 -0.888042  0.317319
point 14 264 196.481 154.942  0.958104 -0.143936 -0.353787 -0.113578  0.220091  0.707998 -0.773275  0.904615 -0.851084  -0.82487
point 15 311 134.843 149.321  -0.463615   0.470062 -0.0750427   0.217714  -0.168603   0.360674   0.196063  -0.136165   0.144309  -0.993336
point 16 324 85.5136 102.539 0.0841597  0.359045  -0.71088 -0.429574  0.614228 0.0257161  0.422177 0.0942372  0.284679  0.363596
point 17 333 13.8796 179.191  -0.795388   0.472763   0.148521   0.176801  -0.758839     0.7756   0.944412 -0.0344303 -0.0817431  -0.138737
point 18 349  487.96 137.914  0.635491 -0.262955  0.665369 -0.896815 -0.796279  0.066124   0.49033 -0.501568 -0.353841 -0.620982
point 19 361 446.082 180.313   0.832951   0.706334  -0.326239  -0.493665    0.69202   0.593586   0.257783   0.348116  -0.949126 -0.0479393
point 20 366 569.036 120.537   0.42728  0.766342  0.202298 -0.741307 0.0591142 -0.694207 -0.957833 -0.276013 -0.315526  0.956222
point 21 376 373.115 168.694 -0.688626 -0.858453   0.63331 -0.333017  0.641624    0.2139  0.307004 -0.069502  0.565506  -0.26387
point 22 386 316.217 211.631 -0.0480225  -0.243244   0.302182   0.432484   0.988756  -0.113412  -0.456119  -0.656867  0.0728633  0.0542915
point 23 392 407.774 229.366    0.93989 -0.0675948  -0.397025   0.273519  -0.978829    0.92431  -0.710909   0.275772   -0.63891   0.624436
point 24 408 104.073 147.729 -0.387869  0.735636 -0.330823 -0.898037  0.166202  0.488817 -0.995179  0.467272  0.961482 -0.854677
point 25 411 330.879 212.508  0.464326  0.927597  0.861715  0.970264  0.403908  -0.56554  0.858937 -0.298863 -0.827988 -0.041285
point 26 435 34.8227 211.815 -0.774835  0.314731 -0.046711 -0.359641  0.538494  0.994349 0.0419562 -0.863106   0.19074 -0.984009
point 27 439  182.81 173.737   0.21007 -0.440443 -0.771311  0.248677  0.368363  0.701957 -0.356199  0.255983  0.100825 -0.172142
point 28 440 202.144 59.7719 -0.878088 -0.933482 0.0969003  0.917011 -0.544494  0.419336  0.728103  -0.19381  0.399848  -0.55173
point 29 502 362.187 209.425   0.298478   0.273232 -0.0210093   0.448418   0.836605 -0.0543368  -0.422476  -0.987725    0.21298  0.0862877
point 30 515  539.51 173.596 -0.0453756  -0.560514  -0.138328   -0.43631    0.59448   0.461981  -0.029654   0.205188  -0.628821   0.378047
point 31 516 355.846 179.336   0.163052  -0.589119  -0.796219  -0.826087  -0.149007   0.619725  -0.619639 -0.0248603  -0.834804  -0.548754
point 32 517 291.466 76.9694  -0.392342 -0.0411466  -0.824722   -0.50493   0.354429   0.129903 -0.0654435  -0.783899   0.693593  -0.470964
point 33 542 73.3574 176.545  -0.699816   0.202288  0.0652163  -0.421103 -0.0936326  0.0222374  -0.859195  -0.386759   0.515837  -0.179949
point 34 569 177.085 155.687 0.0139885 -0.709491  0.344344  0.231644 -0.212543  0.428689  0.428264 -0.548952  0.947083 -0.390259
point 35 592 423.939 157.661  0.830188  0.973962  0.663063  0.302205 -0.842053 -0.831726  0.363252  0.834075  0.640631 -0.669849
point 36 628 178.386 96.8293  -0.68746  -0.15134  0.168139 -0.370447  -0.20573  0.875944   0.60202 -0.388255   0.49264  0.831591
point 37 640 183.058 202.953  0.021228  0.748425  0.899615  0.417868  0.161471 -0.369325  0.544621 -0.254505 -0.171559 -0.225329
point 38 675 311.502 150.299  -0.0972679    0.828181    0.731951    0.196139   -0.145513   -0.738751   -0.126487    0.814004 -0.00273544   -0.562518
point 39 704  248.08 47.0881 -0.381805  0.123618  0.381841  -0.17697 -0.510319   0.82752  0.555061 -0.942775 -0.503485  0.669169
point 40 711 106.783 198.869  0.111423  0.221559 -0.955967  0.916003  0.943512  0.981186 -0.963091  0.962317 -0.997917  0.531366
point 41 712 571.104 234.025 -0.047856  -0.70974  0.492367  0.772676 -0.597489 -0.547969 -0.728103 -0.195626  0.799444  -0.15969
point 42 714 436.598 125.668  0.712437  0.428083  0.772187  0.488329 -0.538463 -0.275669  0.778589  0.953903 -0.502993   -0.8189
point 43 718 405.129 169.138 -0.435442 0.0465599  0.884214  0.511159  0.832645  0.828317 -0.506857 -0.670916  0.669136  0.472827
point 44 723  397.05 234.899  0.128971 -0.929101  -0.02496  0.143289 -0.374555 -0.416394 -0.369567   0.71795   0.13021 -0.657725
point 45 759 566.284 103.055 0.0753695  0.583986  -0.88177 -0.850672 0.0494187  0.459938  0.893137  0.292039  0.437887 -0.334686
point 46 779 287.339 226.108   0.252393  -0.810886  -0.914333  -0.799374   0.599122  -0.532352   0.847985  -0.696094 0.00397849   0.445617
point 47 785 520.506 133.417 -0.0772994  -0.103743  -0.510799   0.544046  -0.869112  -0.531945  -0.872697    0.65881  -0.659437   0.975683
point 48 822  47.013 209.187    0.74008  -0.224017   0.870749  -0.312672   0.283843  -0.832931   0.715486 0.00146544  -0.302383    0.20907
point 49 830 9.80857 156.072   0.847817  -0.354454  -0.921268   0.709636   0.820626   0.175159  -0.892965    0.98546    -0.9085 -0.0294335
point 50 831 469.888  230.37  -0.103442   0.446212   0.705412   0.109605   0.353958  -0.875836 -0.0531377   0.578163  -0.704308 -0.0842655
point 51 853 171.278 121.816 -0.416059  0.864155 -0.617977 0.0149214  0.121378 -0.710813 -0.332326 -0.405625 -0.789046 -0.729104
point 52 901 277.105 196.755 -0.689133  0.431354 -0.921705  0.811348  0.789375 -0.388443 -0.702053  0.364163 -0.117969 -0.576232
point 53 907 189.019 206.546 -0.741811 -0.931201   -0.8957  0.559219 -0.806746  -0.86264 -0.317569  0.670032 -0.244683 -0.643557
point 54 914  437.95 233.066   0.256892  0.0570115 -0.0382076   0.387208   0.326019   0.443698  -0.646448 -0.0914069   0.202881   0.825958
point 55 932 522.313 157.466  -0.110629  0.0354502   0.789648 -0.0388271  -0.146257   0.705765 -0.0442774  -0.935875  -0.249372   0.531873
point 56 964 453.351  162.39  0.934499 -0.289684  0.214832  -0.23227 -0.853812 -0.989784  0.501704 -0.972296 -0.769179  0.691912
point 57 982 536.229 207.409  0.524176 -0.402777  0.983052 -0.120448    0.2964  0.489502  0.674281 -0.141431  0.970697   0.19319
point 58 990 31.1095 162.028  0.626775  0.684412  0.858377  0.728922 -0.125648  0.253674  0.554018 -0.745404  0.741505 -0.747587
point 59 992 606.585  128.79  0.417637 -0.692236 -0.207838  0.371439  0.942278 -0.581063 0.0558511  0.800654 -0.852141  0.930203
point 60 995 546.422 184.138 -0.949754  0.805714  0.564985  0.752124  0.990513 -0.639182  0.706414 -0.494721 -0.907374 -0.383232

